5
0.696241 0.894998 0.606767 0.379843 0.274549
0.459600 0.408251 0.032456 0.597967 0.970397
0.399691 0.890159 0.326079 0.550637 0.872964
0.510183 0.970154 0.676870 0.872721 0.320530
0.949555 0.948226 0.186922 0.406078 0.234098
0.272120 0.207704 0.960351 0.821136 0.250333
0.109049 0.183656 0.423892 0.570003 0.607850
0.409106 0.962767 0.102889 0.942917 0.961683
0.327166 0.043351 0.975836 0.603490 0.446770
0.070722 0.386377 0.872730 0.629641 0.101798
0.365437 0.717021 0.055341 0.067313 0.368947
0.961202 0.813516 0.835780 0.961201 0.146476
0.763171 0.545281 0.976928 0.469412 0.295492
0.151814 0.100233 0.677714 0.295252 0.525443
0.559210 0.740290 0.287615 0.675777 0.262795
0.825727 0.317127 0.275648 0.822217 0.919900
0.630624 0.282169 0.570474 0.352113 0.465055
0.823546 0.398114 0.351269 0.891477 0.274317
0.432114 0.707221 0.229509 0.459852 0.491102
0.069990 0.572657 0.207935 0.492436 0.754440
0.454169 0.848626 0.268094 0.538502 0.034629
0.478358 0.846687 0.122269 0.212059 0.813746
0.719674 0.250562 0.905986 0.779768 0.387237
0.742220 0.276730 0.660067 0.036806 0.586815
0.077361 0.580282 0.962521 0.489032 0.957182
0.674698 0.477025 0.711705 0.885808 0.961434
0.274328 0.982390 0.797174 0.615256 0.912021
0.409364 0.282177 0.376319 0.576806 0.115707
0.334714 0.639681 0.536561 0.330598 0.241860
0.902486 0.960585 0.248257 0.031584 0.740284
0.466117 0.937109 0.205306 0.776261 0.203101
0.181694 0.442188 0.435890 0.276740 0.115701
0.733733 0.872983 0.400545 0.366790 0.399458
0.770957 0.597740 0.836410 0.364129 0.501246
0.697312 0.414938 0.558140 0.776027 0.697311
0.941807 0.399214 0.649266 0.596859 0.192348
0.750074 0.355412 0.849737 0.318435 0.709426
0.584672 0.435894 0.334966 0.479429 0.235164
0.007032 0.494628 0.774095 0.563963 0.928638
0.100201 0.779775 0.776031 0.858442 0.344761
0.902247 0.739032 0.808372 0.594203 0.385269
0.401885 0.147337 0.190150 0.602136 0.170791
0.661363 0.686414 0.362179 0.302099 0.366546
0.862935 0.722839 0.178052 0.332544 0.283276
0.043321 0.185816 0.730232 0.670086 0.091207
0.258285 0.125311 0.509180 0.298763 0.481744
0.671159 0.149524 0.010899 0.475062 0.733724
0.616594 0.194520 0.385042 0.160529 0.298540
0.083827 0.937796 0.826861 0.160525 0.098075
0.110245 0.573782 0.721765 0.883605 0.713912
0.135348 0.654830 0.570021 0.951859 0.595538
0.592267 0.314075 0.675525 0.504735 0.652671
0.900074 0.030488 0.228609 0.557060 0.235172
0.011509 0.522158 0.785394 0.617456 0.468526
0.269165 0.054034 0.895649 0.414975 0.662698
0.435400 0.011509 0.268062 0.847329 0.213168
0.735923 0.549850 0.606566 0.054442 0.126412
0.593357 0.421236 0.719241 0.458314 0.915798
0.682047 0.086089 0.471760 0.373260 0.200092
0.847794 0.902016 0.797388 0.803908 0.984112
0.649028 0.264705 0.093803 0.201129 0.799379
0.239776 0.129920 0.203796 0.499261 0.981080
0.426933 0.200093 0.789761 0.722417 0.583322
0.188084 0.934056 0.571129 0.307112 0.046820
0.695117 0.698626 0.546325 0.010228 0.224044
0.000866 0.458738 0.789507 0.510139 0.288731
0.464173 0.699959 0.411230 0.500343 0.971689
0.699959 0.412795 0.235392 0.376767 0.915559
0.411466 0.489216 0.746858 0.972528 0.398560
0.246276 0.309535 0.045561 0.118801 0.522124
0.574645 0.009476 0.508072 0.112642 0.521274
0.922034 0.808362 0.183206 0.353420 0.193015
0.009474 0.577913 0.273028 0.318012 0.498174
0.068841 0.238896 0.700621 0.850727 0.007297
0.603291 0.021596 0.759929 0.160342 0.384156
0.329380 0.098258 0.286334 0.544382 0.479011
0.397226 0.817075 0.988734 0.043385 0.236235
0.172558 0.150767 0.650669 0.867167 0.126659
0.973613 0.111792 0.677928 0.641710 0.445483
0.466185 0.128607 0.110696 0.125585 0.086284
0.819493 0.214430 0.587949 0.583107 0.983276
0.950750 0.213101 0.647057 0.424776 0.861868
0.821326 0.126434 0.461943 0.582498 0.884501
0.371070 0.286338 0.734865 0.707017 0.640635
0.351227 0.129942 0.669048 0.969357 0.001743
0.546560 0.090762 0.411481 0.800877 0.642819
0.682267 0.092944 0.140503 0.555908 0.354991
0.538941 0.550450 0.999870 0.868048 0.766888
0.799556 0.676836 0.909075 0.205508 0.373254
0.662201 0.225594 0.722884 0.770917 0.611088
0.238659 0.615210 0.021575 0.817298 0.078661
0.284156 0.437839 0.653721 0.970574 0.742276
0.754239 0.570280 0.709453 0.191059 0.920081
0.116630 0.906802 0.743569 0.693155 0.187805
0.778885 0.672211 0.412100 0.275454 0.275443
0.724815 0.570066 0.660238 0.807251 0.148679
0.583380 0.320792 0.868032 0.757986 0.508073
0.912012 0.477056 0.212030 0.043131 0.364532
0.062086 0.490224 0.214450 0.897808 0.320559
0.020007 0.686857 0.322715 0.235124 0.149777
0.799344 0.660473 0.445232 0.576605 0.858698
0.195417 0.045549 0.862724 0.791853 0.196995
0.319322 0.640414 0.045534 0.962946 0.045311
0.169370 0.194562 0.838885 0.403624 0.174981
0.316295 0.767996 0.248431 0.720468 0.022453
0.317143 0.223140 0.174729 0.000433 0.024632
0.373033 0.744679 0.376970 0.195415 0.399419
0.438955 0.893692 0.034238 0.172776 0.676838
0.895615 0.559035 0.894115 0.223386 0.352101
0.631938 0.138415 0.329988 0.598847 0.652641
0.011302 0.894783 0.539442 0.416700 0.957119
0.553974 0.592069 0.899803 0.903784 0.157186
0.954095 0.136499 0.197660 0.351245 0.598832
0.127536 0.598606 0.810879 0.057742 0.054226
0.362385 0.907907 0.452130 0.774295 0.468339
0.835378 0.807481 0.142943 0.386571 0.063180
0.401450 0.838646 0.338460 0.021104 0.101730
0.203564 0.799330 0.621515 0.260549 0.514717
0.248678 0.113704 0.388967 0.780969 0.533001
0.768853 0.150537 0.900458 0.837794 0.149324
0.057118 0.650685 0.621534 0.767764 0.597992
0.897625 0.251822 0.107256 0.328416 0.788452
0.278502 0.853800 0.605024 0.228805 0.030062
0.698262 0.277417 0.328880 0.791475 0.733528
0.771862 0.091266 0.589496 0.645966 0.376304
0.934460 0.126224 0.986598 0.211368 0.090792
0.172111 0.376727 0.721147 0.072741 0.828839
0.667523 0.197659 0.350108 0.654452 0.110680
0.475005 0.430334 0.619694 0.146071 0.060911
0.299452 0.536175 0.177815 0.236442 0.902695
0.653108 0.186770 0.818350 0.158281 0.671372
0.433848 0.057361 0.760750 0.477664 0.625271
0.760740 0.398756 0.506777 0.805046 0.550223
0.542840 0.900694 0.822847 0.196550 0.647049
0.082786 0.141605 0.568587 0.150552 0.869121
0.679995 0.186755 0.034214 0.074936 0.046630
0.362314 0.106162 0.291984 0.340785 0.086048
0.069109 0.762922 0.778289 0.504592 0.582285
0.399614 0.363641 0.732485 0.124291 0.340372
0.655553 0.126228 0.237737 0.197889 0.883410
0.891087 0.132904 0.464583 0.465685 0.068883
0.396348 0.210026 0.112822 0.079142 0.069727
0.247787 0.444761 0.966271 0.939922 0.871672
0.106394 0.871011 0.328862 0.822849 0.145192
0.925527 0.611732 0.056058 0.829959 0.917935
0.947755 0.937744 0.905925 0.119704 0.764014
0.923587 0.836000 0.957567 0.298139 0.966064
0.365860 0.467605 0.339109 0.572840 0.489656
0.262932 0.634616 0.172108 0.675362 0.801926
0.910033 0.299229 0.527433 0.537485 0.119926
0.169176 0.267157 0.072772 0.354727 0.363418
0.381074 0.818108 0.287007 0.317737 0.862764
0.805278 0.961816 0.685161 0.731395 0.383266
0.543919 0.162777 0.708164 0.988787 0.421621
0.375897 0.220070 0.985284 0.258688 0.148007
0.989871 0.850322 0.153845 0.314234 0.010027
0.619469 0.679958 0.137399 0.198960 0.012205
0.320905 0.025736 0.538795 0.125153 0.250732
0.269565 0.617050 0.566180 0.151673 0.779119
0.817002 0.326447 0.517617 0.809639 0.284191
0.631339 0.674285 0.176756 0.995081 0.577044
0.850306 0.139322 0.805252 0.442798 0.580681
0.059569 0.849335 0.176757 0.734679 0.862759
0.677794 0.756443 0.231183 0.852964 0.256289
0.047520 0.257338 0.709280 0.042072 0.048635
0.049940 0.109415 0.874795 0.424902 0.233163
0.549692 0.912201 0.101915 0.317731 0.200001
0.012437 0.046423 0.001587 0.012680 0.487244
0.731167 0.476309 0.739944 0.365845 0.289636
0.013528 0.096965 0.713538 0.073623 0.297270
0.365844 0.316402 0.997048 0.378914 0.630228
0.338250 0.023564 0.793608 0.031181 0.463014
0.378918 0.223594 0.863886 0.678637 0.518991
0.829731 0.507602 0.608333 0.146082 0.977176
0.911591 0.630679 0.744286 0.713304 0.947548
0.172343 0.549449 0.643979 0.627024 0.622865
0.632431 0.570447 0.013594 0.497243 0.999660
0.780125 0.920252 0.132708 0.418251 0.286382
0.950921 0.651130 0.350541 0.478317 0.643301
0.632855 0.976293 0.709275 0.766002 0.549471
0.406275 0.387824 0.205906 0.767339 0.756464
0.978237 0.607014 0.679921 0.315142 0.236204
0.777372 0.278792 0.569478 0.061826 0.444519
0.453023 0.970509 0.530808 0.571522 0.622861
0.363854 0.254067 0.627042 0.407131 0.996396
0.885204 0.477226 0.024211 0.405196 0.541507
0.952081 0.279884 0.655719 0.657927 0.442344
0.328211 0.013341 0.477693 0.108540 0.707058
0.279881 0.391086 0.710296 0.297058 0.897864
0.685151 0.809616 0.710051 0.381056 0.592652
0.445644 0.003524 0.400501 0.537458 0.467601
0.035377 0.562812 0.687551 0.791425 0.497061
0.443223 0.077398 0.171283 0.065197 0.331842
0.209494 0.569225 0.381030 0.516536 0.925523
0.630680 0.714864 0.940084 0.720099 0.830947
0.335395 0.498580 0.307727 0.195266 0.095646
0.572611 0.306671 0.866939 0.684294 0.274171
0.654417 0.318642 0.458928 0.117320 0.197873
0.709038 0.481956 0.806329 0.930078 0.098918
0.291997 0.619650 0.222697 0.932499 0.581311
0.908138 0.297067 0.776072 0.124094 0.958896
0.804151 0.684292 0.443447 0.594670 0.195699
0.329770 0.178705 0.651142 0.817695 0.196303
0.091212 0.819874 0.431003 0.630456 0.298386
0.747312 0.874528 0.271947 0.224628 0.005921
0.481717 0.467407 0.930053 0.433673 0.260994
0.258894 0.978455 0.683188 0.792306 0.488359
0.088050 0.618570 0.781419 0.150145 0.408444
0.208151 0.953395 0.443455 0.365814 0.882120
0.721180 0.808980 0.466310 0.558340 0.361487
0.783814 0.015737 0.059532 0.536595 0.647921
0.000487 0.770751 0.411404 0.006816 0.588187
0.410776 0.864517 0.974079 0.001126 0.810846
0.936857 0.152564 0.920693 0.873681 0.992803
0.056006 0.830753 0.440783 0.747783 0.271909
0.674474 0.791460 0.452772 0.330960 0.373469
0.226807 0.626192 0.553346 0.162583 0.396328
0.651153 0.788298 0.669424 0.280419 0.281942
0.842731 0.873684 0.854858 0.956676 0.083600
0.100801 0.873202 0.499614 0.569249 0.899607
0.141431 0.463050 0.209459 0.600832 0.565090
0.107688 0.723573 0.252088 0.756487 0.418014
0.383444 0.932468 0.279442 0.710043 0.088299
0.151237 0.590283 0.092194 0.362780 0.497487
0.175646 0.143607 0.876655 0.806312 0.664211
0.071632 0.673397 0.454708 0.550870 0.960950
0.277245 0.663109 0.397701 0.826027 0.094737
0.582685 0.136093 0.522832 0.934413 0.600857
0.431005 0.383453 0.865980 0.036432 0.540622
0.225721 0.234440 0.115159 0.428079 0.690977
0.748631 0.980629 0.646770 0.839576 0.245594
0.655968 0.293953 0.223768 0.656109 0.978224
0.264077 0.514339 0.463654 0.222667 0.840786
0.651384 0.210255 0.292406 0.485456 0.455213
0.401849 0.400754 0.716841 0.976013 0.607485
0.424947 0.118433 0.348557 0.139497 0.379193
0.130306 0.561758 0.528380 0.027300 0.513027
0.695159 0.990681 0.832834 0.379285 0.382388
0.809826 0.530228 0.752936 0.733198 0.980848
0.989685 0.016888 0.828102 0.504186 0.376918
0.282834 0.105126 0.987288 0.611681 0.177857
0.913731 0.677280 0.207022 0.803154 0.445651
0.464514 0.174256 0.072359 0.855954 0.479637
0.738405 0.230055 0.601857 0.074527 0.277473
0.464516 0.511944 0.341912 0.510616 0.912866
0.864667 0.478911 0.267315 0.426247 0.533093
0.888635 0.372402 0.981506 0.581815 0.209003
0.909657 0.671976 0.270883 0.637836 0.434523
0.031803 0.487642 0.295941 0.636746 0.530801
0.082395 0.133701 0.360447 0.208363 0.150390
0.701123 0.220497 0.813178 0.738658 0.164517
0.075855 0.816453 0.644141 0.659629 0.394339
0.836196 0.439548 0.530686 0.814274 0.093428
0.223522 0.634307 0.084592 0.539035 0.524372
0.517267 0.168821 0.554220 0.815123 0.909476
0.813189 0.184058 0.277282 0.114065 0.766262
0.027554 0.349886 0.988147 0.369478 0.687311
0.943584 0.205080 0.392230 0.997087 0.039710
0.592725 0.624764 0.580744 0.205088 0.338688
0.344198 0.557960 0.026428 0.235745 0.586807
0.417530 0.734290 0.657666 0.923947 0.245556
0.383794 0.579975 0.358138 0.802057 0.840560
0.852429 0.634554 0.929281 0.427324 0.902850
0.256668 0.392024 0.567781 0.198217 0.331811
0.471042 0.242279 0.023173 0.186484 0.183265
0.727525 0.119429 0.114046 0.484388 0.222218
0.233328 0.761449 0.601843 0.682618 0.877804
0.861379 0.051676 0.690470 0.086777 0.467879
0.063888 0.361779 0.921311 0.316924 0.400519
0.966683 0.380013 0.270899 0.530208 0.771613
0.432900 0.885584 0.611230 0.463649 0.622838
0.437159 0.405329 0.505024 0.194096 0.418280
0.781298 0.059162 0.577578 0.749766 0.580014
0.336339 0.795466 0.598498 0.507675 0.398709
0.860088 0.213969 0.543986 0.150066 0.769548
0.360443 0.323218 0.655218 0.829207 0.501267
0.623687 0.098518 0.244650 0.509614 0.769547
0.549062 0.014210 0.347412 0.623691 0.078276
0.172055 0.597397 0.444944 0.442714 0.745354
0.832853 0.149081 0.051616 0.185369 0.312085
0.634340 0.395981 0.693725 0.202820 0.970956
0.785887 0.508766 0.644317 0.549058 0.736469
0.482152 0.489607 0.106889 0.048695 0.735137
0.144858 0.841336 0.404016 0.381599 0.442722
0.271980 0.265122 0.164264 0.518337 0.848178
0.523906 0.347246 0.129010 0.438473 0.347451
0.579989 0.312317 0.371996 0.626720 0.710075
0.901968 0.103399 0.358797 0.507686 0.474561
0.379050 0.682845 0.783400 0.849050 0.826394
0.944655 0.448268 0.393303 0.476940 0.852682
0.824053 0.209225 0.395962 0.497229 0.599351
0.174242 0.107989 0.544823 0.704646 0.896028
0.278147 0.310386 0.292443 0.932671 0.611441
0.011198 0.581829 0.590341 0.319196 0.245553
0.853545 0.359456 0.682828 0.029949 0.980644
0.575158 0.302529 0.593611 0.165345 0.462327
0.726893 0.600581 0.780392 0.029522 0.637817
0.486344 0.270421 0.564058 0.892933 0.899519
0.377069 0.292213 0.794537 0.439352 0.325414
0.220201 0.122859 0.955760 0.060321 0.455804
0.421828 0.167764 0.677252 0.316508 0.967538
0.651097 0.532609 0.908778 0.797814 0.506135
0.590332 0.061894 0.963138 0.791277 0.852674
0.069389 0.231578 0.580511 0.074729 0.965598
0.862287 0.699271 0.862029 0.256883 0.863557
0.231333 0.768022 0.666120 0.668530 0.299287
0.795883 0.529202 0.919656 0.930463 0.655279
0.316751 0.233759 0.681727 0.786912 0.820704
0.208328 0.209419 0.085888 0.414068 0.762777
0.477868 0.395963 0.653296 0.306952 0.385949
0.707943 0.931799 0.290297 0.291352 0.368174
0.242229 0.402070 0.050302 0.909865 0.263190
0.928130 0.305620 0.680873 0.863120 0.589563
0.096996 0.239071 0.518766 0.091299 0.900862
0.957945 0.264490 0.943515 0.965553 0.772344
0.155538 0.590586 0.939491 0.580996 0.002015
0.147908 0.001187 0.556202 0.930476 0.542665
0.928126 0.842444 0.371535 0.728890 0.481067
0.659826 0.516374 0.580303 0.962281 0.762788
0.052951 0.439101 0.035199 0.486761 0.439327
0.327634 0.835906 0.178639 0.879936 0.679218
0.385936 0.407537 0.691768 0.060586 0.735128
0.471084 0.120445 0.283755 0.994863 0.540485
0.921974 0.578200 0.263148 0.519858 0.912839
0.827054 0.428692 0.164489 0.458095 0.453850
0.282654 0.270683 0.844882 0.588278 0.438230
0.095656 0.843789 0.714007 0.794568 0.724236
0.451244 0.266420 0.996810 0.570747 0.798962
0.078090 0.653297 0.201939 0.499831 0.990228
0.095419 0.323022 0.800291 0.685099 0.510605
0.143550 0.669602 0.621227 0.419772 0.830201
0.093233 0.232884 0.894095 0.073416 0.074315
0.280235 0.751877 0.421840 0.746051 0.529217
0.283505 0.176697 0.746289 0.282428 0.393571
0.041638 0.254680 0.803329 0.429574 0.428674
0.659834 0.707722 0.295760 0.071233 0.336355
0.838193 0.390495 0.982656 0.072560 0.932639
0.812285 0.338962 0.697973 0.982646 0.156870
0.408873 0.554261 0.220405 0.489807 0.313238
0.888413 0.678309 0.663955 0.297917 0.991572
0.676372 0.280246 0.153163 0.578219 0.408613
0.104210 0.685093 0.815539 0.061680 0.738687
0.046087 0.187102 0.272645 0.588263 0.557511
0.390259 0.652199 0.401342 0.281585 0.945947
0.962033 0.005325 0.879527 0.792141 0.581612
0.771450 0.487627 0.481007 0.057192 0.754921
0.108803 0.167754 0.674603 0.208337 0.371516
0.900817 0.123731 0.470117 0.855766 0.750327
0.097869 0.793465 0.302931 0.403195 0.332168
0.119232 0.454738 0.639613 0.071482 0.281315
0.359661 0.062772 0.438616 0.645050 0.702492
0.874011 0.213915 0.333690 0.500659 0.867961
0.577381 0.313456 0.051021 0.051493 0.357208
0.600790 0.727308 0.953788 0.415744 0.321091
0.327851 0.805745 0.695780 0.596236 0.406202
0.186013 0.760330 0.555939 0.293584 0.113170
0.185166 0.781257 0.077633 0.181874 0.680886
0.113396 0.379445 0.574677 0.625445 0.395979
0.603821 0.115323 0.599758 0.816627 0.453669
0.739761 0.191434 0.251377 0.660692 0.117041
0.982887 0.603414 0.939481 0.204162 0.993514
0.145741 0.845742 0.120487 0.898289 0.728416
0.590327 0.904364 0.411150 0.167330 0.235947
0.735165 0.230446 0.085017 0.358513 0.208311
0.107713 0.496984 0.219886 0.694458 0.780162
0.419760 0.512886 0.812019 0.393984 0.757182
0.938177 0.104668 0.775443 0.392654 0.084558
0.212825 0.585338 0.371706 0.742738 0.253347
0.198239 0.086360 0.117085 0.114465 0.407789
0.833752 0.695303 0.347857 0.980008 0.038218
0.058285 0.080813 0.994887 0.002077 0.081282
0.462592 0.726268 0.907881 0.550486 0.885387
0.457140 0.805737 0.831355 0.546880 0.313463
0.376177 0.360810 0.017356 0.143345 0.249095
0.783295 0.112041 0.651953 0.307161 0.327617
0.575778 0.367212 0.549905 0.105755 0.951129
0.672430 0.065671 0.698804 0.102488 0.903090
0.890315 0.660214 0.814420 0.996827 0.749565
0.320374 0.496751 0.601215 0.983760 0.631259
0.752550 0.062154 0.053213 0.800032 0.611428
0.160935 0.141171 0.458691 0.552431 0.603824
0.054769 0.800271 0.273995 0.803300 0.416022
0.143599 0.394848 0.512864 0.324712 0.292468
0.085264 0.965753 0.343028 0.425784 0.582951
0.366375 0.855788 0.065432 0.509000 0.802471
0.102014 0.760193 0.589958 0.189353 0.855761
0.494330 0.902191 0.915286 0.502855 0.528320
0.614550 0.447350 0.209639 0.243765 0.073425
0.391328 0.390005 0.672644 0.977724 0.244879
0.731844 0.215075 0.474935 0.601457 0.940492
0.129056 0.743811 0.704496 0.839081 0.520605
0.878436 0.321200 0.074147 0.917462 0.910624
0.670002 0.906566 0.074145 0.004282 0.096522
0.742753 0.964649 0.485641 0.992241 0.747133
0.703384 0.726248 0.629835 0.297967 0.487871
0.670005 0.119030 0.673991 0.864286 0.376170
0.675933 0.800260 0.158863 0.638783 0.553987
0.113378 0.176014 0.126807 0.616755 0.252237
0.572259 0.098115 0.994432 0.533323 0.040595
0.074380 0.337833 0.576879 0.505097 0.228374
0.192754 0.243732 0.821183 0.211707 0.106603
0.754720 0.284888 0.600354 0.134418 0.230691
0.971192 0.952417 0.329156 0.657028 0.404610
0.177383 0.933916 0.730989 0.334320 0.264697
0.515914 0.031611 0.836821 0.417956 0.168663
0.551581 0.519264 0.837911 0.459311 0.694456
0.587506 0.462705 0.795294 0.646390 0.242427
0.555940 0.914181 0.564424 0.715137 0.266635
0.854214 0.218575 0.242413 0.863180 0.376167
0.704228 0.248190 0.639868 0.459315 0.074381
0.132466 0.467162 0.695755 0.366385 0.637419
0.133797 0.921945 0.075246 0.535727 0.617828
0.696624 0.445399 0.275957 0.778977 0.577701
0.636333 0.929670 0.867334 0.937040 0.231543
0.044703 0.847709 0.378796 0.876483 0.751212
0.667094 0.160972 0.216582 0.447573 0.625699
0.188006 0.438665 0.182760 0.855564 0.876262
0.024099 0.111160 0.180585 0.831375 0.640821
0.439731 0.543100 0.309379 0.069805 0.694443
0.416611 0.624559 0.731651 0.022914 0.261178
0.534406 0.492346 0.217673 0.804616 0.877116
0.347871 0.882964 0.772122 0.919637 0.802698
0.840073 0.122221 0.965958 0.974673 0.868608
0.103566 0.529284 0.424027 0.703181 0.980494
0.507276 0.882726 0.366569 0.717345 0.356107
0.131146 0.387030 0.802424 0.492347 0.192746
0.563323 0.720520 0.831142 0.275953 0.804619
0.880727 0.019565 0.547934 0.494763 0.458455
0.310311 0.659665 0.894943 0.104633 0.843105
0.188490 0.743640 0.457190 0.991173 0.775691
0.918557 0.953967 0.160988 0.448477 0.077669
0.188010 0.072141 0.693320 0.425117 0.190562
0.026042 0.381974 0.341286 0.657482 0.032719
0.354158 0.754761 0.341037 0.667282 0.123522
0.523989 0.987916 0.692222 0.741460 0.855577
0.165137 0.584042 0.964862 0.134691 0.240228
0.221964 0.102676 0.574487 0.868414 0.831366
0.197193 0.854257 0.955914 0.842287 0.356112
0.004272 0.529273 0.661719 0.870993 0.114688
0.104641 0.811126 0.519454 0.004296 0.312718
0.940457 0.451643 0.034931 0.334503 0.459796
0.426416 0.692222 0.213090 0.719998 0.972267
0.797232 0.531590 0.254838 0.512852 0.307149
0.449999 0.387281 0.613439 0.033618 0.510211
0.389243 0.703175 0.033848 0.493201 0.943714
0.507287 0.929882 0.368534 0.797888 0.287928
0.939466 0.440729 0.880521 0.022733 0.101130
0.598896 0.588675 0.122242 0.535952 0.944809
0.266846 0.738024 0.368528 0.325602 0.015156
0.113342 0.534612 0.098317 0.802414 0.261395
0.521311 0.404435 0.795263 0.765843 0.766750
0.114673 0.996638 0.803979 0.729100 0.947080
0.972498 0.352191 0.825749 0.500875 0.786101
0.849901 0.834671 0.115974 0.196917 0.803529
0.087403 0.998813 0.414247 0.207861 0.620190
0.320175 0.114407 0.088747 0.637622 0.843124
0.253768 0.188299 0.414487 0.598678 0.496948
0.588893 0.286869 0.598206 0.380858 0.410099
0.076519 0.866013 0.720505 0.462998 0.914371
0.773697 0.928546 0.273323 0.296430 0.126811
0.121126 0.028024 0.962419 0.661711 0.347804
0.488092 0.929633 0.181407 0.346740 0.286845
0.204360 0.925038 0.832028 0.993135 0.347807
0.249277 0.159996 0.756919 0.239687 0.657482
0.095020 0.114880 0.993137 0.643098 0.281151
0.400292 0.544882 0.628939 0.087421 0.424266
0.282249 0.178496 0.177159 0.380850 0.388120
0.096351 0.775662 0.597364 0.314947 0.706215
0.355441 0.812438 0.074116 0.346980 0.227485
0.412049 0.854037 0.804811 0.445186 0.115515
0.276819 0.937006 0.761021 0.815949 0.583190
0.977930 0.656142 0.097458 0.370601 0.496953
0.731660 0.371923 0.482102 0.470134 0.322585
0.959273 0.765861 0.357875 0.063696 0.808194
0.959033 0.378558 0.819065 0.633053 0.722951
0.144481 0.189371 0.023802 0.066727 0.511519
0.476923 0.573878 0.693092 0.580702 0.742785
0.550297 0.727191 0.409221 0.157579 0.704023
0.332331 0.597843 0.077003 0.819078 0.207865
0.241541 0.297541 0.654966 0.613201 0.207623
0.354367 0.846550 0.845223 0.413158 0.044505
0.902164 0.522282 0.492546 0.892982 0.813771
0.973322 0.006042 0.598930 0.565562 0.030330
0.709503 0.191393 0.099271 0.457173 0.132043
0.904585 0.012723 0.409224 0.845576 0.061033
0.681565 0.218715 0.777697 0.563145 0.935293
0.551148 0.572791 0.539966 0.191682 0.294019
0.823571 0.111239 0.470994 0.605840 0.100497
0.821391 0.374266 0.593491 0.878461 0.810265
0.313616 0.375358 0.832393 0.388597 0.938569
0.682656 0.265943 0.398479 0.164090 0.970283
0.628931 0.871526 0.502204 0.075449 0.298604
0.881611 0.191149 0.925211 0.655054 0.927695
0.303809 0.432474 0.902355 0.786781 0.463831
0.072167 0.230614 0.077239 0.453805 0.460327
0.566877 0.808274 0.411551 0.334771 0.006010
0.703191 0.392949 0.522054 0.740340 0.413391
0.031898 0.303080 0.708427 0.513571 0.391996
0.717118 0.866394 0.208906 0.309614 0.637883
0.681796 0.739181 0.036926 0.595423 0.917896
0.365254 0.391611 0.545390 0.205648 0.367669
0.437340 0.706008 0.916985 0.285560 0.304908
0.474720 0.227691 0.938555 0.010300 0.369609
0.649619 0.526404 0.639563 0.236156 0.274660
0.450531 0.466494 0.782808 0.305490 0.802633
0.471699 0.524469 0.534024 0.642741 0.203043
0.834203 0.709543 0.665870 0.345943 0.614301
0.801300 0.625184 0.940871 0.614030 0.825616
0.598456 0.207606 0.282053 0.459715 0.009558
0.258193 0.895703 0.798383 0.787267 0.305497
0.612366 0.846579 0.803825 0.433569 0.674570
0.399576 0.651470 0.000964 0.999929 0.183530
0.905617 0.182665 0.061904 0.450902 0.228528
0.230605 0.080671 0.332657 0.655822 0.250452
0.945078 0.876197 0.528808 0.161990 0.020591
0.975962 0.719580 0.824502 0.407059 0.327283
0.239664 0.559119 0.824501 0.609904 0.338188
0.987947 0.149645 0.825831 0.640791 0.149864
0.397390 0.959464 0.997535 0.537534 0.814719
0.149856 0.757817 0.605779 0.580159 0.881559
0.402824 0.994018 0.672373 0.614281 0.754327
0.147682 0.503756 0.365580 0.197923 0.048911
0.747800 0.651229 0.996445 0.967096 0.262671
0.449923 0.469751 0.217654 0.974619 0.398478
0.197931 0.603345 0.455582 0.969261 0.249235
0.561640 0.135486 0.639599 0.975700 0.078583
0.058971 0.513560 0.585638 0.191134 0.922184
0.557395 0.055006 0.018497 0.552715 0.116703
0.651204 0.636071 0.720301 0.217654 0.903442
0.787269 0.457773 0.744754 0.368852 0.335910
0.375112 0.403950 0.873924 0.093984 0.745846
0.435984 0.933089 0.730591 0.766100 0.735823
0.283394 0.728083 0.698750 0.822318 0.613190
0.517947 0.792807 0.950654 0.939859 0.753477
0.626028 0.971323 0.821224 0.705173 0.961789
0.124568 0.296256 0.547795 0.133063 0.721423
0.615137 0.204999 0.007382 0.500007 0.012980
0.659195 0.449719 0.867022 0.632704 0.503546
0.614284 0.788550 0.011622 0.709778 0.620719
0.559102 0.090899 0.839808 0.079439 0.488064
0.457307 0.585413 0.684593 0.950650 0.624080
0.454039 0.195798 0.584538 0.251518 0.801646
0.585848 0.481446 0.751027 0.041261 0.077482
0.674579 0.837400 0.536423 0.275789 0.824749
0.079662 0.224133 0.523599 0.855047 0.803805
0.945052 0.745426 0.608869 0.103826 0.672370
0.247268 0.024501 0.709323 0.705178 0.746927
0.605775 0.707389 0.902781 0.743896 0.719348
0.696101 0.311980 0.709568 0.399313 0.881541
0.468659 0.617982 0.945036 0.373385 0.867032
0.034974 0.595471 0.539922 0.137672 0.544290
0.775295 0.226554 0.426843 0.013611 0.020567
0.484946 0.820114 0.958110 0.812982 0.342215
0.718258 0.950873 0.720124 0.274463 0.766107
0.791775 0.460986 0.100790 0.510263 0.110123
0.237218 0.504827 0.612051 0.821690 0.550549
0.982040 0.183323 0.171584 0.045453 0.628223
0.658076 0.380923 0.032384 0.090418 0.396292
0.171763 0.584561 0.651647 0.126537 0.308996
0.913264 0.041082 0.972406 0.238778 0.494999
0.457514 0.247493 0.764106 0.510269 0.335933
0.115815 0.552983 0.924564 0.826750 0.475180
0.563843 0.492512 0.458203 0.480118 0.308514
0.802968 0.648478 0.030187 0.532050 0.454025
0.673471 0.342892 0.036722 0.652974 0.420029
0.765019 0.320680 0.609707 0.108261 0.851913
0.907829 0.558299 0.758725 0.872416 0.811426
0.478696 0.392904 0.066320 0.606672 0.618667
0.730599 0.284276 0.636253 0.457596 0.662583
0.793944 0.020155 0.345915 0.263715 0.861953
0.687612 0.950868 0.093910 0.723405 0.481854
0.042344 0.795070 0.241946 0.149893 0.022519
0.320851 0.397357 0.971549 0.884636 0.547308
0.937202 0.697636 0.261773 0.742388 0.174803
0.769864 0.562544 0.399777 0.698964 0.250656
0.655810 0.697877 0.079885 0.076352 0.305299
0.728035 0.761086 0.734982 0.816087 0.710313
0.313917 0.985340 0.414873 0.183793 0.809571
0.311738 0.729392 0.901472 0.479593 0.306386
0.523338 0.077467 0.138784 0.549942 0.425507
0.754371 0.970210 0.296278 0.654904 0.637353
0.822303 0.709109 0.863710 0.284295 0.213227
0.606204 0.401316 0.214584 0.688915 0.420068
0.183330 0.585680 0.306120 0.776583 0.215646
0.696562 0.064148 0.536626 0.978172 0.447786
0.824721 0.398656 0.153931 0.538811 0.481448
0.685667 0.969223 0.022543 0.387521 0.365759
0.274469 0.917825 0.087271 0.686980 0.673436
0.462938 0.833063 0.984028 0.987533 0.423570
0.257295 0.787007 0.224353 0.840828 0.296249
0.249670 0.921074 0.838751 0.986685 0.352434
0.721216 0.054115 0.377514 0.915881 0.630946
0.894681 0.100757 0.500445 0.809556 0.733203
0.261785 0.754105 0.318352 0.758947 0.875924
0.099463 0.845299 0.098399 0.223020 0.296004
0.926984 0.731244 0.905602 0.035871 0.552744
0.311965 0.160687 0.595458 0.849419 0.536647
0.422229 0.140612 0.413550 0.816077 0.123288
0.006074 0.301916 0.746957 0.729164 0.659397
0.237211 0.722535 0.947444 0.870699 0.800992
0.044590 0.341337 0.544243 0.190077 0.707137
0.512699 0.780605 0.071928 0.322840 0.099459
0.880037 0.850873 0.724951 0.193101 0.139857
0.566906 0.189095 0.987785 0.021470 0.912588
0.585642 0.287569 0.839617 0.660120 0.447791
0.967056 0.789658 0.796185 0.835019 0.962829
0.711627 0.247203 0.400483 0.046506 0.139634
0.176808 0.139898 0.597883 0.636035 0.036711
0.840811 0.059656 0.471615 0.021221 0.499162
0.558051 0.473191 0.354881 0.870463 0.108259
0.578909 0.979007 0.227837 0.075287 0.684554
0.279938 0.530742 0.469929 0.824920 0.513755
0.685407 0.275117 0.427291 0.821411 0.340242
0.151991 0.240809 0.872447 0.247440 0.511568
0.472954 0.259669 0.490525 0.303478 0.879028
0.932187 0.529761 0.808441 0.594732 0.341321
0.471869 0.580569 0.794868 0.235222 0.765691
0.915645 0.616297 0.884676 0.069224 0.196869
0.181360 0.377933 0.589388 0.755268 0.172897
0.081714 0.714944 0.828970 0.140403 0.697626
0.947201 0.819563 0.624901 0.455518 0.489367
0.718286 0.541872 0.095748 0.743285 0.117614
0.634095 0.610758 0.011485 0.833086 0.648256
0.637121 0.013424 0.933256 0.536054 0.009369
0.702703 0.903607 0.201696 0.023216 0.521384
0.515935 0.008295 0.429475 0.865907 0.793904
0.043239 0.361587 0.959407 0.326342 0.923495
0.566929 0.302393 0.653227 0.678305 0.389958
0.223273 0.998691 0.542723 0.516453 0.680187
0.195529 0.418583 0.371398 0.067295 0.140618
0.268148 0.129615 0.303242 0.195590 0.387538
0.537383 0.277306 0.875727 0.474274 0.512429
0.406352 0.722357 0.846167 0.880086 0.722774
0.796808 0.950829 0.159250 0.452261 0.587604
0.492701 0.943069 0.771751 0.507983 0.681281
0.213672 0.337025 0.733000 0.644987 0.990943
0.416398 0.874605 0.145097 0.914960 0.117864
0.364865 0.405283 0.026734 0.044145 0.744543
0.276687 0.351334 0.893368 0.341512 0.489138
0.736980 0.140420 0.244398 0.489550 0.374236
0.882255 0.530969 0.249846 0.297140 0.973947
0.810515 0.013633 0.297169 0.656766 0.656746
0.863729 0.284095 0.736725 0.987560 0.782882
0.576075 0.620570 0.999317 0.895548 0.609757
0.789043 0.516428 0.791377 0.203649 0.442447
0.021036 0.286026 0.881383 0.956347 0.351798
0.383393 0.988425 0.517754 0.970894 0.629362
0.359041 0.292719 0.565192 0.944367 0.421503
0.456601 0.840624 0.277319 0.960602 0.771744
0.343921 0.634745 0.977283 0.092256 0.080253
0.079032 0.503357 0.758995 0.456826 0.641255
0.433726 0.736973 0.884892 0.689899 0.080010
0.116789 0.118508 0.193161 0.749800 0.148134
0.591234 0.569322 0.600916 0.072887 0.958792
0.515128 0.353989 0.991823 0.421532 0.986223
0.417491 0.331732 0.847260 0.502026 0.709361
0.263914 0.285193 0.467972 0.429012 0.031094
0.505322 0.331738 0.967244 0.966398 0.161351
0.768598 0.438198 0.443762 0.610770 0.516693
0.489798 0.638091 0.536275 0.753293 0.790254
0.819555 0.385560 0.591690 0.707193 0.792675
0.246575 0.131958 0.913666 0.957206 0.641246
0.498030 0.111607 0.716906 0.840883 0.992901
0.886831 0.046304 0.892043 0.464444 0.986477
0.572726 0.812909 0.879067 0.036744 0.620799
0.278410 0.789055 0.081116 0.043041 0.578486
0.861568 0.298497 0.323050 0.445945 0.885767
0.236529 0.412813 0.139689 0.010138 0.710338
0.072404 0.142625 0.566055 0.313011 0.125260
0.421772 0.306546 0.048731 0.427069 0.965072
0.937834 0.948702 0.641021 0.118991 0.591482
0.582768 0.286297 0.845094 0.147299 0.468813
0.369092 0.996066 0.257215 0.769229 0.406134
0.734554 0.439070 0.359055 0.826106 0.643691
0.164843 0.724567 0.826345 0.035420 0.762813
0.305889 0.727833 0.741070 0.112930 0.444600
0.288464 0.747209 0.958763 0.528649 0.107123
0.508808 0.429276 0.862886 0.202791 0.474264
0.016911 0.739808 0.807565 0.431591 0.646964
0.731048 0.615164 0.073741 0.054169 0.475111
0.109533 0.492906 0.858396 0.265073 0.125038
0.557343 0.328327 0.226740 0.739810 0.073737
0.476428 0.903804 0.001434 0.109520 0.452224
0.035421 0.925815 0.893120 0.430023 0.556485
0.466873 0.853956 0.101808 0.793976 0.123095
0.654325 0.065072 0.429242 0.478203 0.991820
0.431319 0.668941 0.896632 0.107102 0.269209
0.059858 0.556034 0.428153 0.176881 0.873763
0.549327 0.807784 0.225653 0.286051 0.836374
0.308963 0.201881 0.244134 0.258782 0.714723
0.275159 0.467542 0.190702 0.967468 0.780492
0.347017 0.838345 0.875998 0.618675 0.714725
0.979202 0.443111 0.594777 0.651006 0.407231
0.759426 0.442020 0.860264 0.119854 0.714961
0.664569 0.726992 0.455560 0.616015 0.187701
0.522081 0.678977 0.638045 0.630321 0.722328
0.831700 0.814073 0.855910 0.025691 0.852605
0.726989 0.653655 0.489980 0.249813 0.735880
0.969403 0.058307 0.432434 0.405073 0.733461
0.828537 0.487577 0.085909 0.433520 0.276484
0.679817 0.443313 0.370024 0.305228 0.536267
0.485141 0.345099 0.548229 0.430253 0.986492
0.036341 0.559316 0.079455 0.920364 0.227830
0.748530 0.173342 0.040829 0.477345 0.464692
0.631654 0.725632 0.816011 0.912982 0.736786
0.809739 0.281851 0.945440 0.745251 0.488403
0.060614 0.503793 0.516897 0.317436 0.649176
0.023030 0.482914 0.622700 0.637185 0.242190
0.790218 0.129434 0.409679 0.677409 0.068332
0.649164 0.044179 0.290547 0.266148 0.725656
0.430013 0.152682 0.790697 0.805129 0.320846
0.038987 0.350433 0.562704 0.837255 0.277580
0.886425 0.118788 0.208275 0.618202 0.150482
0.663248 0.470936 0.375949 0.859024 0.874674
0.924720 0.267227 0.934793 0.057218 0.398831
0.689865 0.342818 0.397993 0.143978 0.185343
0.899966 0.899935 0.674139 0.574701 0.709156
0.654784 0.289353 0.410415 0.360249 0.597814
0.117204 0.711258 0.371343 0.272905 0.631634
0.269656 0.699643 0.756131 0.026752 0.982908
0.154836 0.060630 0.004521 0.509092 0.847058
0.152416 0.038969 0.347273 0.173347 0.013466
0.304107 0.432204 0.793517 0.280767 0.998491
0.790000 0.002325 0.549545 0.429296 0.065072
0.989315 0.059654 0.633607 0.745245 0.016979
0.257672 0.697217 0.851327 0.911688 0.398609
0.536230 0.743058 0.231039 0.652598 0.968549
0.305686 0.003898 0.759645 0.595855 0.664586
0.840683 0.740605 0.279539 0.351763 0.394001
0.084820 0.225815 0.703407 0.946992 0.000125
0.629111 0.406994 0.767232 0.628022 0.002302
0.408123 0.380394 0.317667 0.819508 0.372436
0.121959 0.439432 0.446831 0.749828 0.150238
0.715612 0.626812 0.200583 0.852889 0.691934
0.926920 0.214914 0.036563 0.902733 0.371100
0.956790 0.888748 0.405080 0.516879 0.920391
0.980749 0.016531 0.989552 0.170091 0.770638
0.639147 0.338625 0.267469 0.174200 0.849246
0.723464 0.612894 0.078389 0.095954 0.258518
0.721289 0.118446 0.330840 0.504417 0.640144
0.316321 0.718907 0.346195 0.821817 0.853991
0.211219 0.162168 0.352854 0.363818 0.071999
0.604072 0.025250 0.353944 0.379167 0.512019
0.089281 0.860171 0.497150 0.901812 0.012352
0.506835 0.682749 0.021073 0.672706 0.747662
0.035223 0.878715 0.164647 0.374948 0.246782
0.432687 0.805683 0.068364 0.276057 0.549535
0.488201 0.059030 0.860031 0.418729 0.242181
0.677169 0.829553 0.583405 0.269625 0.875988
0.437256 0.165682 0.726978 0.912710 0.714761
0.975288 0.093394 0.436804 0.363808 0.771730
0.104396 0.820826 0.465580 0.814155 0.552921
0.586397 0.599002 0.118314 0.816578 0.106225
0.830528 0.220101 0.245203 0.978545 0.400881
0.508420 0.761326 0.270741 0.573069 0.317892
0.179820 0.248913 0.268300 0.854724 0.540151
0.578534 0.165403 0.023063 0.887679 0.814164
0.942364 0.200532 0.202936 0.061583 0.361638
0.431946 0.144982 0.735019 0.650906 0.121605
0.918480 0.048104 0.740842 0.803020 0.362962
0.679598 0.061355 0.288276 0.476606 0.255474
0.360778 0.649716 0.625722 0.016303 0.315984
0.539155 0.827141 0.643398 0.826047 0.856923
0.635759 0.030819 0.210562 0.118694 0.174378
0.339715 0.700177 0.154768 0.656485 0.474437
0.787929 0.120780 0.796893 0.633101 0.828219
0.607288 0.700178 0.260811 0.842756 0.223400
0.413054 0.853675 0.576353 0.932335 0.659749
0.016541 0.746371 0.932562 0.071145 0.222316
0.803021 0.727614 0.632260 0.873034 0.564377
0.471398 0.614615 0.448391 0.679567 0.945886
0.991653 0.895038 0.714543 0.005896 0.861021
0.017633 0.005648 0.779088 0.955656 0.031910
0.063767 0.186333 0.557835 0.364925 0.495397
0.005617 0.763512 0.233695 0.320073 0.750875
0.070056 0.246740 0.346496 0.587265 0.281884
0.155844 0.760248 0.806774 0.701028 0.233447
0.072490 0.606175 0.317911 0.830553 0.963055
0.951058 0.890807 0.450233 0.897453 0.404103
0.921681 0.291459 0.615933 0.633375 0.599003
0.113084 0.496014 0.014364 0.656214 0.580837
0.408712 0.771377 0.876788 0.131426 0.070053
0.405205 0.059050 0.930156 0.760486 0.059033
0.347596 0.431717 0.241067 0.898302 0.564141
0.795585 0.280330 0.094003 0.821901 0.440647
0.963049 0.830324 0.486442 0.952159 0.465945
0.532750 0.862128 0.763743 0.418529 0.383404
0.153214 0.350766 0.946701 0.590881 0.677149
0.120781 0.273809 0.323102 0.717839 0.756173
0.072244 0.062459 0.150188 0.737423 0.788809
0.131667 0.220362 0.486450 0.588105 0.587264
0.179808 0.482265 0.751959 0.888985 0.202718
0.326609 0.820802 0.725432 0.549177 0.592815
0.037690 0.163048 0.611586 0.380142 0.438121
0.268751 0.957818 0.544725 0.199650 0.347107
0.844966 0.629048 0.026320 0.834916 0.119557
0.257859 0.362924 0.684904 0.772234 0.716505
0.622489 0.060446 0.345187 0.771145 0.050472
0.589430 0.173091 0.826060 0.890809 0.758100
0.234998 0.715686 0.901600 0.474884 0.490711
0.704527 0.120315 0.155627 0.282990 0.982965
0.199642 0.344023 0.507563 0.059299 0.166509
0.724591 0.178538 0.013013 0.602804 0.849177
0.987181 0.773969 0.748549 0.035263 0.371209
0.929153 0.240169 0.852577 0.724354 0.729806
0.955879 0.729612 0.989366 0.134701 0.856934
0.192603 0.543611 0.131437 0.588371 0.347119
0.328852 0.749222 0.542530 0.293665 0.358487
0.953453 0.911809 0.953698 0.141011 0.267659
0.540351 0.865665 0.289168 0.143431 0.933644
0.347775 0.087914 0.979843 0.377180 0.094265
0.030639 0.676287 0.952120 0.346688 0.738327
0.346445 0.708901 0.417681 0.861074 0.302464
0.876571 0.254329 0.028791 0.477751 0.634636
0.801053 0.386901 0.095306 0.715682 0.345591
0.621315 0.643584 0.394998 0.625919 0.333369
0.210516 0.367133 0.368227 0.829342 0.762834
0.600218 0.343187 0.966532 0.096639 0.348864
0.128044 0.421933 0.038125 0.075937 0.279358
0.655100 0.143426 0.802385 0.345105 0.473395
0.867849 0.588120 0.654251 0.832993 0.473153
0.611761 0.234983 0.192609 0.520739 0.795997
0.276090 0.575293 0.717619 0.867606 0.294757
0.505598 0.494264 0.415039 0.910732 0.646859
0.538270 0.689347 0.339914 0.337733 0.899692
0.593972 0.452697 0.983831 0.464441 0.689359
0.515160 0.348868 0.317948 0.910976 0.037036
0.953468 0.769241 0.669996 0.432833 0.728768
0.639084 0.618167 0.715671 0.691669 0.933611
0.114140 0.729864 0.790059 0.782211 0.785945
0.589456 0.036177 0.372716 0.216052 0.220573
0.178310 0.996909 0.396706 0.956978 0.930108
0.030625 0.485312 0.555463 0.416368 0.839394
0.888319 0.602861 0.097959 0.004571 0.465758
0.335323 0.484225 0.670735 0.950197 0.514071
0.610443 0.360525 0.220581 0.069030 0.417215
0.265213 0.537165 0.575052 0.384963 0.592401
0.633781 0.189896 0.932736 0.272734 0.120322
0.723088 0.220548 0.081168 0.197048 0.539115
0.143219 0.155684 0.467920 0.230382 0.047063
0.677345 0.515136 0.360522 0.094687 0.907328
0.972196 0.069284 0.030619 0.279136 0.142338
0.060229 0.495115 0.051759 0.210502 0.828265
0.271652 0.097508 0.142127 0.243445 0.175039
0.568540 0.389156 0.888533 0.701270 0.646604
0.842337 0.668632 0.293207 0.874167 0.505365
0.956940 0.990376 0.687156 0.222762 0.280596
0.216084 0.830114 0.829125 0.221431 0.278287
0.568786 0.475306 0.527122 0.004124 0.074855
0.952581 0.268715 0.941451 0.189416 0.410813
0.763708 0.013280 0.759480 0.538494 0.748364
0.141038 0.504246 0.134973 0.787914 0.604809
0.230584 0.855650 0.465994 0.817858 0.992309
0.076819 0.064829 0.189421 0.015458 0.838066
0.098834 0.154109 0.662093 0.591767 0.517551
0.014133 0.008952 0.129393 0.478820 0.185297
0.904064 0.272510 0.157857 0.794689 0.846935
0.334003 0.418329 0.702392 0.037251 0.005457
0.029614 0.783561 0.954532 0.227181 0.620250
0.128064 0.635737 0.952353 0.802360 0.866788
0.433946 0.487507 0.953200 0.690794 0.418557
0.443969 0.613968 0.745070 0.802121 0.087702
0.741945 0.220317 0.888787 0.393640 0.295628
0.696098 0.231449 0.272518 0.588381 0.589248
0.568315 0.625955 0.920783 0.843679 0.678671
0.780293 0.588148 0.622205 0.982766 0.102394
0.418324 0.142598 0.234960 0.303544 0.649913
0.506673 0.943645 0.517569 0.084663 0.645794
0.212943 0.256723 0.713273 0.143442 0.667547
0.157607 0.686295 0.746161 0.051767 0.834955
0.528201 0.096645 0.610224 0.417470 0.372502
0.357594 0.668641 0.932997 0.578100 0.337992
0.393650 0.136923 0.410833 0.873291 0.461135
0.222740 0.004109 0.633565 0.579433 0.086846
0.633566 0.601758 0.759068 0.579675 0.980344
0.378478 0.747495 0.977868 0.229134 0.976545
0.460671 0.845607 0.335745 0.663196 0.060474
0.888352 0.033701 0.112175 0.632470 0.950173
0.815897 0.572389 0.460433 0.265435 0.885039
0.494687 0.460676 0.056822 0.461381 0.120351
0.662748 0.686713 0.435230 0.867619 0.702384
0.551206 0.720839 0.513855 0.246934 0.526267
0.685627 0.367578 0.775798 0.926085 0.488840
0.124953 0.392776 0.833639 0.179618 0.634654
0.532378 0.368428 0.345787 0.065929 0.409186
0.393866 0.806700 0.352093 0.748102 0.114113
0.207793 0.831463 0.976527 0.952324 0.310206
0.613340 0.167453 0.354034 0.928215 0.381408
0.660572 0.156786 0.610076 0.647352 0.520382
0.732813 0.694335 0.156307 0.309214 0.938261
0.457019 0.335990 0.868731 0.007891 0.693493
0.876139 0.890664 0.865222 0.561005 0.018309
0.877228 0.581090 0.543016 0.991247 0.102136
0.356692 0.028122 0.142376 0.805615 0.583035
0.391442 0.485987 0.750480 0.015283 0.531286
0.541073 0.759297 0.104535 0.286924 0.244725
0.604853 0.545672 0.727249 0.650752 0.831461
0.910912 0.302831 0.940356 0.541074 0.209971
0.988091 0.982304 0.134766 0.155453 0.672788
0.648678 0.681012 0.532360 0.266990 0.285834
0.199031 0.693484 0.524985 0.188139 0.500306
0.561261 0.251017 0.614686 0.834986 0.974106
0.406922 0.877473 0.930799 0.159807 0.740437
0.683682 0.280154 0.676911 0.550372 0.555813
0.325923 0.107802 0.546751 0.065789 0.553877
0.501883 0.776646 0.239126 0.704589 0.920723
0.300404 0.177256 0.091609 0.097115 0.720606
0.075102 0.834500 0.661631 0.522302 0.468150
0.953635 0.787530 0.511413 0.978935 0.852158
0.500998 0.370973 0.426303 0.459667 0.832323
0.603997 0.243860 0.859814 0.573015 0.233609
0.949136 0.813692 0.919529 0.681486 0.988095
0.406931 0.081802 0.264318 0.367364 0.333106
0.565622 0.566960 0.788411 0.087584 0.774480
0.801236 0.766619 0.705462 0.206485 0.485518
0.740674 0.368694 0.522553 0.942501 0.560186
0.724189 0.920997 0.208661 0.445024 0.661636
0.907308 0.905359 0.726124 0.182829 0.390334
0.191768 0.776658 0.357565 0.016355 0.731700
0.954735 0.252340 0.478173 0.597673 0.704138
0.135641 0.470697 0.719619 0.533680 0.858966
0.105845 0.831487 0.604833 0.928471 0.334442
0.897043 0.248089 0.460407 0.077793 0.703288
0.497987 0.740431 0.541292 0.296742 0.635157
0.402344 0.098478 0.215189 0.295898 0.209993
0.210722 0.040219 0.181968 0.361805 0.359984
0.704123 0.573249 0.729408 0.311987 0.546742
0.634298 0.487946 0.939346 0.297830 0.076202
0.951459 0.993462 0.066412 0.542142 0.376064
0.524962 0.344013 0.778847 0.952311 0.130195
0.728792 0.309441 0.984750 0.120150 0.056614
0.732808 0.922920 0.800372 0.118072 0.972389
0.902268 0.508499 0.803400 0.447697 0.628622
0.416757 0.368438 0.675808 0.390107 0.656060
0.950586 0.994304 0.457009 0.283684 0.794085
0.483994 0.594173 0.673621 0.939587 0.317052
0.097571 0.403670 0.903182 0.157404 0.562367
0.654089 0.673863 0.074277 0.802558 0.358403
0.731776 0.293481 0.354467 0.039460 0.157405
0.992386 0.076690 0.708752 0.214281 0.605998
0.491373 0.727467 0.568921 0.298954 0.683407
0.033507 0.567818 0.669101 0.926231 0.523859
0.153083 0.138902 0.254735 0.112130 0.981004
0.470041 0.519352 0.991056 0.625768 0.032652
0.738168 0.321385 0.494883 0.494887 0.991298
0.671419 0.088611 0.904686 0.622258 0.854386
0.875087 0.602242 0.085585 0.005030 0.263449
0.491140 0.612693 0.551009 0.511873 0.511626
0.832596 0.533663 0.122340 0.794268 0.388245
0.553433 0.369957 0.219727 0.238017 0.972369
0.226272 0.063551 0.811013 0.028393 0.244921
0.656032 0.703067 0.159618 0.772235 0.626860
0.482019 0.249398 0.765952 0.064880 0.955800
0.703063 0.899057 0.522998 0.423295 0.599437
0.135402 0.195958 0.902277 0.132392 0.436118
0.449440 0.095387 0.871967 0.745929 0.915570
0.614630 0.275604 0.621174 0.439868 0.648875
0.868779 0.766801 0.974544 0.462640 0.199072
0.156586 0.495509 0.011720 0.607927 0.586101
0.984525 0.461798 0.541270 0.156343 0.495740
0.907964 0.294106 0.369944 0.294585 0.621178
0.865020 0.889258 0.082070 0.552348 0.588518
0.106918 0.648879 0.556952 0.662954 0.389583
0.705471 0.362078 0.650705 0.085336 0.534981
0.418716 0.511644 0.263674 0.942734 0.732624
0.644061 0.254720 0.189276 0.427887 0.657135
0.909918 0.601143 0.831274 0.832127 0.705231
0.982357 0.965826 0.263436 0.342004 0.108097
0.844358 0.429817 0.860807 0.075548 0.108099
0.823453 0.941401 0.331362 0.853041 0.333788
0.367561 0.325728 0.156131 0.288910 0.331128
0.084279 0.041594 0.930716 0.596173 0.890459
0.271018 0.202293 0.639949 0.137834 0.681688
0.215156 0.020432 0.501804 0.111265 0.751123
0.836737 0.463980 0.040260 0.108097 0.531464
0.695608 0.303955 0.887047 0.360927 0.067930
0.001925 0.740246 0.405406 0.131076 0.958296
0.961467 0.074694 0.449664 0.914271 0.491162
0.403223 0.110175 0.988900 0.339093 0.606817
0.722800 0.007479 0.386284 0.126715 0.595292
0.588788 0.159885 0.563247 0.649759 0.240542
0.749042 0.193997 0.009408 0.681446 0.741561
0.650731 0.321122 0.439647 0.124541 0.845216
0.112104 0.772022 0.949341 0.125874 0.517167
0.596384 0.754870 0.359923 0.137847 0.891776
0.742638 0.389796 0.483785 0.787760 0.127819
0.155031 0.813409 0.629913 0.522753 0.924066
0.565685 0.285894 0.924064 0.625310 0.299816
0.932909 0.880644 0.192897 0.617928 0.626642
0.221805 0.836730 0.741547 0.847871 0.843272
0.309482 0.355340 0.261481 0.913171 0.636671
0.591935 0.072042 0.993023 0.881990 0.090940
0.635581 0.377594 0.230751 0.636671 0.284575
0.020411 0.055964 0.647326 0.428759 0.810132
0.062499 0.708769 0.798882 0.121287 0.188162
0.915594 0.020896 0.706349 0.861910 0.672731
0.883922 0.507122 0.596156 0.258077 0.740224
0.398029 0.554554 0.138944 0.657113 0.067705
0.670312 0.122130 0.878589 0.597482 0.248038
0.706102 0.067947 0.858751 0.302848 0.710837
