2
0.672031 0.479450
0.354543 0.696483
0.946043 0.434545
0.135570 0.238451
0.109046 0.733755
0.792723 0.298752
0.584892 0.239785
0.402947 0.339397
0.580295 0.859757
0.069982 0.596882
0.642616 0.699507
0.937334 0.545038
0.272370 0.330345
0.892580 0.270199
0.294146 0.268096
0.159531 0.296329
0.408027 0.717251
0.864092 0.560686
0.140916 0.203586
0.605661 0.249345
0.732672 0.078694
0.558378 0.356987
0.914208 0.892798
0.410337 0.276508
0.170107 0.812882
0.870766 0.306689
0.435655 0.055358
0.926451 0.045990
0.742448 0.996325
0.286306 0.545262
0.986763 0.582011
0.514758 0.619625
0.937555 0.102621
0.070740 0.093626
0.273241 0.282185
0.456546 0.781849
0.202046 0.295272
0.572452 0.316492
0.441068 0.523485
0.289810 0.203379
0.500125 0.138616
0.595538 0.605646
0.287890 0.546107
0.947123 0.649268
0.949301 0.695363
0.215103 0.183625
0.127744 0.178294
0.570261 0.149747
0.000623 0.855169
0.969131 0.581145
0.872768 0.384195
0.080975 0.833397
0.460637 0.769748
0.882570 0.436966
0.586871 0.056464
0.963814 0.470849
0.585778 0.500136
0.362370 0.465022
0.065335 0.893225
0.532177 0.756430
0.587710 0.762039
0.837524 0.895887
0.482656 0.285241
0.434339 0.684697
0.595352 0.070925
0.744456 0.434580
0.914415 0.427803
0.351481 0.125325
0.138877 0.086278
0.765313 0.102600
0.648351 0.258028
0.307125 0.559018
0.735745 0.482891
0.379816 0.549833
0.186710 0.294186
0.310994 0.080724
0.552622 0.823501
0.684447 0.309305
0.718148 0.897819
0.212499 0.364776
0.682271 0.012417
0.152939 0.088443
0.974935 0.809448
0.564843 0.613033
0.174745 0.446586
0.900021 0.067525
0.161885 0.377603
0.858480 0.074299
0.000680 0.302904
0.184520 0.288757
0.995279 0.053375
0.536507 0.574425
0.140504 0.631948
0.260799 0.550695
0.780956 0.275698
0.862976 0.679086
0.080759 0.483936
0.350399 0.067541
0.714804 0.160556
0.099362 0.365663
0.670281 0.722881
0.330566 0.619827
0.108365 0.203334
0.136251 0.746610
0.945385 0.618974
0.034883 0.261885
0.573564 0.857154
0.080502 0.543038
0.087138 0.784099
0.277885 0.035972
0.569087 0.217966
0.720475 0.008152
0.091872 0.275224
0.683583 0.513404
0.828840 0.400122
0.147135 0.215537
0.472821 0.535652
0.615472 0.660480
0.617410 0.725922
0.370191 0.424795
0.015719 0.171459
0.946684 0.069729
0.010024 0.055330
0.455643 0.571976
0.450191 0.296177
0.383029 0.723308
0.609874 0.325388
0.095624 0.126466
0.528553 0.670926
0.419554 0.600811
0.092595 0.970787
0.485066 0.896300
0.924400 0.650079
0.699342 0.301187
0.081218 0.886986
0.058215 0.778036
0.881294 0.387632
0.653580 0.771874
0.047543 0.962913
0.474391 0.362310
0.622865 0.361471
0.017906 0.092102
0.417131 0.129502
0.387874 0.010283
0.664018 0.148004
0.629490 0.701753
0.126233 0.215715
0.986357 0.505206
0.281924 0.710217
0.307958 0.649084
0.407580 0.287229
0.926857 0.912667
0.026829 0.907080
0.359182 0.681802
0.479828 0.709266
0.419575 0.064908
0.045347 0.331846
0.870375 0.060304
0.146092 0.711349
0.201593 0.672099
0.733584 0.204614
0.059329 0.421885
0.203514 0.453681
0.332940 0.769332
0.516794 0.934440
0.539413 0.215748
0.725718 0.871220
0.185888 0.256260
0.163638 0.063814
0.034209 0.679959
0.732011 0.225762
0.195201 0.033598
0.807443 0.919076
0.807202 0.084745
0.440142 0.456720
0.934419 0.268470
0.250932 0.700438
0.165860 0.808779
0.441036 0.312045
0.207071 0.195201
0.920254 0.022478
0.640241 0.071686
0.848015 0.667751
0.454594 0.807201
0.250930 0.829738
0.141896 0.967350
0.329300 0.816394
0.597929 0.281940
0.109888 0.243165
0.607015 0.278546
0.012490 0.861477
0.786092 0.790100
0.199873 0.724204
0.911783 0.316234
0.151453 0.419354
0.275286 0.745381
0.579260 0.851674
0.617466 0.033199
0.815045 0.062901
0.289212 0.432317
0.514593 0.080324
0.778235 0.025574
0.262909 0.161032
0.990891 0.864972
0.444318 0.758688
0.629699 0.066038
0.689501 0.037781
0.908132 0.964067
0.684058 0.788022
0.372318 0.004607
0.419106 0.873472
0.840534 0.579493
0.466574 0.398723
0.003753 0.324075
0.631763 0.571558
0.359358 0.409324
0.745376 0.360126
0.027749 0.793630
0.164753 0.453480
0.264085 0.732287
0.628377 0.687308
0.084717 0.778249
0.329765 0.765170
0.431256 0.234425
0.045392 0.038864
0.794722 0.958611
0.666844 0.374763
0.545060 0.154505
0.128228 0.814173
0.358292 0.138275
0.199854 0.490635
0.506944 0.386964
0.003304 0.278583
0.676648 0.600825
0.267584 0.991994
0.289472 0.092568
0.181088 0.533077
0.947962 0.747539
0.756481 0.126295
0.794718 0.024457
0.328427 0.970953
0.360356 0.580018
0.749949 0.486144
0.903704 0.912642
0.791445 0.181092
0.641336 0.633720
0.992603 0.912644
0.196335 0.487234
0.359373 0.462576
0.252096 0.444908
0.745596 0.843723
0.380039 0.954222
0.981968 0.379285
0.759587 0.921543
0.268662 0.015559
0.442967 0.103188
0.177530 0.625600
0.646300 0.382696
0.295927 0.793022
0.030953 0.803151
0.141577 0.920449
0.234411 0.768067
0.670408 0.990437
0.231383 0.654171
0.667480 0.062541
0.130436 0.772318
0.222431 0.041607
0.271961 0.569928
0.247730 0.637819
0.591875 0.638907
0.441641 0.653064
0.026224 0.715992
0.886469 0.920686
0.385731 0.046296
0.975151 0.794336
0.211754 0.798932
0.848181 0.120643
0.825160 0.256673
0.430729 0.349639
0.670652 0.096543
0.958823 0.564247
0.610362 0.657214
0.040748 0.358589
0.381589 0.937903
0.003356 0.850493
0.052765 0.396623
0.441851 0.935928
0.717721 0.622350
0.586297 0.569955
0.121741 0.863110
0.888609 0.925921
0.451652 0.408837
0.283959 0.510832
0.326726 0.990699
0.156842 0.794377
0.036240 0.577586
0.522813 0.964254
0.660835 0.862019
0.843996 0.244429
0.132890 0.873126
0.076967 0.506346
0.609326 0.852460
0.495048 0.543515
0.292425 0.690239
0.166627 0.761697
0.348575 0.515067
0.853546 0.310136
0.071288 0.816433
0.899746 0.143762
0.614502 0.531528
0.850032 0.797867
0.852691 0.324541
0.290031 0.172073
0.290272 0.623696
0.026011 0.508776
0.541562 0.015792
0.120677 0.802036
0.794545 0.793271
0.285910 0.942476
0.039332 0.172068
0.117272 0.776948
0.731801 0.656584
0.358556 0.326717
0.844621 0.657677
0.956615 0.671724
0.189306 0.395511
0.467810 0.863130
0.123718 0.680416
0.852229 0.890993
0.120448 0.677007
0.348992 0.060328
0.272855 0.483235
0.831554 0.452573
0.906591 0.680898
0.529674 0.494123
0.241148 0.941358
0.091297 0.856600
0.736005 0.767176
0.008845 0.879723
0.841362 0.179743
0.147938 0.852006
0.409720 0.658972
0.541542 0.155775
0.405365 0.619128
0.537048 0.657646
0.644585 0.669871
0.644101 0.453671
0.589363 0.497400
0.454726 0.829475
0.831567 0.019976
0.374809 0.559944
0.553179 0.703337
0.619386 0.630390
0.610577 0.878404
0.382887 0.371501
0.954414 0.918568
0.533906 0.680635
0.954894 0.166417
0.907222 0.405362
0.676383 0.007991
0.762509 0.466955
0.351927 0.611416
0.107711 0.943993
0.888422 0.120210
0.688594 0.993772
0.284850 0.570503
0.517098 0.887565
0.112293 0.648701
0.783052 0.039795
0.457145 0.794575
0.372809 0.990019
0.232620 0.371777
0.459561 0.746053
0.459320 0.315646
0.751458 0.094351
0.941313 0.428483
0.038049 0.489802
0.434255 0.114488
0.841153 0.927056
0.716446 0.166421
0.664814 0.164004
0.628967 0.537037
0.726039 0.103352
0.367449 0.019706
0.119261 0.771212
0.762370 0.794556
0.794186 0.730948
0.771083 0.074759
0.042521 0.356381
0.803788 0.134626
0.393750 0.896037
0.503701 0.949275
0.952449 0.358508
0.393511 0.496748
0.879773 0.190581
0.294455 0.160936
0.191652 0.102254
0.822289 0.961164
0.510441 0.473629
0.554859 0.266632
0.058905 0.301845
0.284402 0.651963
0.614574 0.157515
0.992239 0.075695
0.750346 0.027398
0.586446 0.865588
0.370642 0.648793
0.468023 0.974225
0.907429 0.732710
0.953766 0.534419
0.188478 0.199146
0.049140 0.874080
0.825549 0.394607
0.099682 0.393517
0.137940 0.993556
0.972266 0.179556
0.009960 0.080804
0.891858 0.130044
0.425317 0.565976
0.647009 0.522446
0.041651 0.485873
0.427989 0.079840
0.692488 0.218101
0.905480 0.547961
0.098108 0.542273
0.449755 0.027124
0.136606 0.077669
0.158616 0.680037
0.613015 0.256810
0.762316 0.146895
0.292299 0.637698
0.585380 0.546869
0.926110 0.038260
0.412032 0.890781
0.521791 0.028462
0.846634 0.788759
0.051459 0.602533
0.033629 0.342192
0.602364 0.520492
0.721608 0.199371
0.508586 0.321674
0.856685 0.649426
0.513929 0.120269
0.915222 0.779816
0.243957 0.554874
0.744731 0.904151
0.156227 0.766755
0.801338 0.786767
0.009504 0.647673
0.518158 0.754534
0.030340 0.750179
0.981136 0.888036
0.124886 0.434064
0.314716 0.869750
0.216573 0.717342
0.022977 0.649849
0.405507 0.471246
0.913037 0.041489
0.425107 0.612337
0.750158 0.597133
0.509444 0.233917
0.428851 0.953967
0.689068 0.416405
0.998802 0.825529
0.062118 0.439501
0.997958 0.483404
0.614523 0.994697
0.399259 0.722702
0.073001 0.461438
0.171639 0.604531
0.785697 0.683515
0.461661 0.062596
0.381700 0.854258
0.894936 0.693553
0.519694 0.518151
0.345653 0.480187
0.842296 0.633268
0.442903 0.596296
0.229881 0.052561
0.637894 0.271134
0.122244 0.030571
0.879549 0.335843
0.171601 0.574028
0.476917 0.661953
0.611029 0.085000
0.068906 0.771056
0.164085 0.935295
0.613448 0.114408
0.627851 0.330166
0.417999 0.039151
0.562294 0.520455
0.890565 0.950212
0.460326 0.484751
0.029590 0.947045
0.737187 0.054991
0.829095 0.891413
0.149949 0.484996
0.553341 0.567986
0.364165 0.459110
0.691597 0.100000
0.123340 0.859965
0.588414 0.982257
0.065887 0.937009
0.206317 0.453808
0.726053 0.114637
0.229416 0.923285
0.204375 0.114995
0.452091 0.372097
0.076399 0.309611
0.182681 0.631607
0.673480 0.823433
0.381804 0.548672
0.926793 0.182448
0.663677 0.808286
0.868584 0.822340
0.700704 0.516604
0.959483 0.274667
0.937450 0.961319
0.122380 0.089230
0.286641 0.640315
0.739172 0.659188
0.376448 0.764145
0.203472 0.299952
0.172879 0.156144
0.870436 0.454285
0.900176 0.071948
0.033411 0.732795
0.159653 0.273103
0.276611 0.717132
0.685457 0.277945
0.035839 0.149604
0.940630 0.483609
0.533175 0.190291
0.736905 0.005181
0.925247 0.104932
0.250437 0.384092
0.973765 0.985303
0.306327 0.259021
0.985307 0.241502
0.662323 0.742104
0.424637 0.801646
0.688963 0.742585
0.420046 0.375587
0.169454 0.992081
0.681097 0.306326
0.797087 0.575839
0.421375 0.730340
0.536432 0.433107
0.732756 0.307409
0.207854 0.574735
0.489168 0.672386
0.081510 0.080668
0.604438 0.992090
0.928981 0.996458
0.251990 0.709538
0.963943 0.719331
0.493420 0.318303
0.642746 0.402623
0.387585 0.145032
0.780648 0.091797
0.659176 0.070636
0.970235 0.935267
0.914349 0.583200
0.524445 0.560587
0.562524 0.344648
0.246157 0.585864
0.895766 0.104918
0.502878 0.734705
0.035644 0.503526
0.139851 0.652545
0.080854 0.893520
0.515711 0.251747
0.128722 0.014707
0.400698 0.627781
0.225221 0.234171
0.812971 0.666907
0.012534 0.926991
0.013626 0.514860
0.535306 0.388875
0.480109 0.007171
0.277992 0.449725
0.684573 0.067637
0.744569 0.935475
0.482763 0.480114
0.157029 0.414849
0.205600 0.488257
0.469323 0.099460
0.819120 0.624045
0.873715 0.053249
0.624053 0.549710
0.900145 0.308331
0.849403 0.388644
0.573696 0.511124
0.735834 0.812735
0.183557 0.811637
0.141950 0.880036
0.878177 0.171355
0.444494 0.399779
0.387773 0.500233
0.637371 0.300843
0.851971 0.099696
0.424201 0.614246
0.519294 0.527914
0.467137 0.413540
0.523326 0.848314
0.525967 0.519296
0.563663 0.710576
0.236580 0.315080
0.576711 0.292912
0.776355 0.604483
0.012753 0.576966
0.731245 0.184646
0.236587 0.184888
0.425758 0.274489
0.629512 0.949617
0.523311 0.627567
0.488288 0.973719
0.820320 0.127896
0.895329 0.722523
0.160253 0.550342
0.743282 0.076366
0.838779 0.285395
0.861302 0.805180
0.228931 0.235014
0.226991 0.560149
0.543810 0.507086
0.893396 0.914780
0.397789 0.911039
0.937859 0.108471
0.617390 0.610502
0.034587 0.305899
0.363526 0.713622
0.384245 0.681940
0.862632 0.902742
0.014995 0.809778
0.279963 0.958796
0.609745 0.783728
0.165717 0.036785
0.881175 0.959888
0.474267 0.690417
0.791592 0.185541
0.419423 0.921258
0.377926 0.678781
0.910128 0.351549
0.225673 0.641002
0.341758 0.886855
0.984292 0.319812
0.428130 0.117884
0.135078 0.429222
0.711224 0.690406
0.348162 0.118736
0.904703 0.714730
0.142849 0.082457
0.082214 0.061994
0.048741 0.863754
0.317618 0.162419
0.606221 0.977042
0.384695 0.312179
0.235444 0.112708
0.235435 0.432897
0.196660 0.397765
0.911001 0.339218
0.580345 0.737805
0.131700 0.823808
0.745444 0.411959
0.567386 0.026705
0.594964 0.118748
0.762824 0.892267
0.048973 0.222378
0.046794 0.537592
0.109537 0.679854
0.861319 0.871588
0.860227 0.227827
0.454412 0.503364
0.073986 0.861557
0.632310 0.990983
0.610545 0.399710
0.935429 0.487318
0.374673 0.840652
0.627147 0.268342
0.160053 0.151581
0.655618 0.945677
0.108435 0.364821
0.924978 0.235661
0.361795 0.210364
0.211454 0.667836
0.452052 0.733273
0.561843 0.361792
0.931271 0.804281
0.261702 0.924976
0.727832 0.788394
0.454467 0.783925
0.503339 0.966137
0.560517 0.091349
0.309825 0.486470
0.456423 0.653428
0.777023 0.178815
0.039835 0.333098
0.306310 0.527547
0.559546 0.843916
0.067248 0.154847
0.422632 0.721295
0.072832 0.091583
0.768799 0.339872
0.431579 0.382029
0.153507 0.711233
0.486242 0.027874
0.110731 0.081538
0.248955 0.840663
0.945411 0.859260
0.049874 0.890900
0.083740 0.381176
0.760838 0.478433
0.163548 0.444439
0.640144 0.726511
0.274097 0.580593
0.256582 0.358142
0.783944 0.969636
0.807538 0.581442
0.061718 0.006909
0.893158 0.607359
0.981833 0.329646
0.163793 0.364849
0.464006 0.574940
0.592587 0.139476
0.309801 0.477331
0.947601 0.581480
0.513367 0.096818
0.759877 0.839209
0.768331 0.235879
0.091356 0.125076
0.703634 0.967203
0.914947 0.005847
0.557381 0.370044
0.439437 0.912538
0.540392 0.470936
0.876527 0.222577
0.469090 0.895339
0.590414 0.818898
0.770255 0.840684
0.851230 0.753092
0.556986 0.819743
0.528036 0.260828
0.075979 0.547111
0.048358 0.545175
0.499739 0.518816
0.654296 0.571669
0.702572 0.825181
0.485581 0.073704
0.116024 0.886878
0.311386 0.422894
0.282965 0.463163
0.842766 0.965252
0.715635 0.966341
0.863446 0.734109
0.324445 0.359256
0.625978 0.372699
0.771113 0.372458
0.793370 0.748981
0.063764 0.224969
0.177654 0.978797
0.300006 0.224967
0.563038 0.385849
0.118456 0.104396
0.281643 0.682754
0.612661 0.276052
0.266349 0.510979
0.151008 0.127398
0.322491 0.504062
0.784685 0.612415
0.183077 0.520538
0.352943 0.876771
0.279338 0.248700
0.436181 0.895039
0.084235 0.303763
0.383887 0.052631
0.738740 0.322023
0.234746 0.294707
0.910315 0.680566
0.132995 0.804353
0.541698 0.128017
0.075752 0.129106
0.059287 0.992983
0.899632 0.282738
0.124908 0.942132
0.758583 0.059279
0.539134 0.899882
0.087977 0.601972
0.224956 0.644021
0.644494 0.867834
0.076603 0.715661
0.974160 0.257629
0.417430 0.414151
0.151027 0.819836
0.397814 0.828472
0.630090 0.151038
0.540114 0.991667
0.099954 0.233659
0.097771 0.451774
0.614621 0.702593
0.989364 0.987171
0.633367 0.722165
0.634698 0.263061
0.522922 0.734398
0.590211 0.635538
0.892815 0.737429
0.060200 0.294727
0.317719 0.916085
0.876572 0.964119
0.941475 0.669778
0.243438 0.292547
0.428583 0.178724
0.631375 0.688037
0.304636 0.451542
0.128041 0.581705
0.276091 0.543628
0.206267 0.302409
0.743905 0.785534
0.907329 0.483595
0.934947 0.680536
0.533809 0.758175
0.130371 0.891724
0.028568 0.674091
0.414185 0.177686
0.539358 0.388085
0.994973 0.630041
0.813029 0.897276
0.680763 0.989133
0.081134 0.384727
0.257832 0.461155
0.432828 0.564178
0.555467 0.028326
0.507780 0.440236
0.918200 0.539353
0.280119 0.336888
0.619499 0.141003
0.003037 0.548066
0.669720 0.921856
0.907576 0.769247
0.416371 0.873078
0.943875 0.166779
0.122753 0.190404
0.560811 0.382515
0.212711 0.539580
0.073534 0.140188
0.252140 0.290176
0.510918 0.538015
0.140191 0.814109
0.241474 0.197277
0.040417 0.505572
0.781125 0.723299
0.760683 0.554141
0.764801 0.967603
0.681834 0.752843
0.486414 0.092295
0.712189 0.963482
0.303540 0.807815
0.641182 0.322282
0.909524 0.346470
0.864597 0.221402
0.792015 0.164123
0.176591 0.166542
0.963477 0.792256
0.802592 0.557418
0.450259 0.525171
0.965658 0.394503
0.730820 0.583921
0.070038 0.448185
0.659930 0.635500
0.896398 0.545687
0.350964 0.668290
0.529536 0.384913
0.205188 0.867412
0.403071 0.790708
0.114597 0.843682
0.661418 0.226072
0.708952 0.446374
0.239144 0.020620
0.089748 0.806700
0.177011 0.754844
0.751582 0.582189
0.950382 0.421078
0.554958 0.563667
0.778823 0.614434
0.296738 0.981690
0.366256 0.164183
0.181519 0.482451
0.084060 0.220772
0.428704 0.214072
0.899011 0.867646
0.393625 0.032605
0.707867 0.536963
0.727231 0.044823
0.805854 0.509126
0.725058 0.555820
0.216251 0.265896
0.869821 0.319494
0.148919 0.634276
0.262390 0.188380
0.742618 0.300645
0.311525 0.675820
0.824115 0.564769
0.995864 0.704580
0.222958 0.928238
0.601341 0.025063
0.203184 0.928236
0.586533 0.547601
0.760073 0.379341
0.074496 0.973246
0.335760 0.342064
0.221831 0.343395
0.376076 0.329286
0.048189 0.703049
0.833418 0.510319
0.106711 0.941890
0.720815 0.133205
0.603750 0.742837
0.683669 0.953887
0.921601 0.812350
0.390334 0.805818
0.371858 0.541293
0.798214 0.521463
0.344478 0.887491
0.942984 0.272319
0.802321 0.345587
0.240587 0.367599
0.763357 0.876120
0.073195 0.104514
0.438516 0.693457
0.868996 0.469460
0.053348 0.169862
0.153054 0.350921
0.731962 0.261033
0.709814 0.518050
0.823485 0.027249
0.943601 0.831251
0.124745 0.444180
0.449632 0.614467
0.448541 0.500736
0.994308 0.412399
0.680151 0.804719
0.794080 0.583081
0.955819 0.762438
0.204297 0.893989
0.465922 0.579817
0.356887 0.623584
0.976735 0.010624
0.435039 0.470033
0.892415 0.657124
0.459249 0.172833
0.032894 0.284309
0.575698 0.096237
0.314845 0.765952
0.425233 0.855230
0.242989 0.556709
0.576312 0.928642
0.612217 0.708745
0.964990 0.661865
0.195957 0.285891
0.021518 0.181787
0.482255 0.181303
0.786654 0.429818
0.353387 0.799946
0.381613 0.552350
0.623591 0.172841
0.972122 0.882614
0.462409 0.792085
0.556948 0.604409
0.794016 0.657378
0.182878 0.452619
0.658224 0.787975
0.138927 0.826927
0.136985 0.574389
0.930513 0.811475
0.017271 0.329085
0.890694 0.177031
0.113683 0.062240
0.375184 0.964976
0.972112 0.243816
0.414114 0.963882
0.102790 0.104728
0.753782 0.132158
0.406736 0.166145
0.226490 0.668472
0.599410 0.165294
0.042437 0.694757
0.249137 0.638865
0.574151 0.915129
0.191326 0.629915
0.479065 0.926002
0.102780 0.869648
0.626647 0.281073
0.720868 0.583096
0.940768 0.694507
0.405656 0.344205
0.448347 0.448107
0.800572 0.284333
0.597486 0.241649
0.043518 0.762470
0.727024 0.391872
