3
0.822229 0.298997 0.604104
0.054485 0.453061 0.296331
0.376331 0.007498 0.314090
0.074093 0.730244 0.930938
0.740049 0.072908 0.972334
0.774061 0.475096 0.792721
0.537662 0.133390 0.926679
0.020471 0.101561 0.219931
0.984317 0.296339 0.389887
0.791634 0.493990 0.297429
0.701914 0.874909 0.919902
0.042496 0.621915 0.201170
0.912272 0.721775 0.837961
0.103979 0.861822 0.170578
0.424980 0.170572 0.706375
0.659066 0.883615 0.529803
0.123593 0.856240 0.676644
0.023978 0.287615 0.717498
0.510190 0.355641 0.446538
0.132078 0.647062 0.251898
0.753115 0.334947 0.812657
0.492676 0.059942 0.389655
0.838818 0.751172 0.069744
0.145373 0.821366 0.880599
0.994129 0.889173 0.068895
0.262542 0.970145 0.456579
0.871894 0.238463 0.616342
0.173858 0.910081 0.264723
0.695370 0.274798 0.728175
0.079567 0.649249 0.526524
0.183874 0.642842 0.847306
0.521054 0.860721 0.525659
0.467208 0.665750 0.410591
0.972554 0.781838 0.229715
0.456555 0.536563 0.459823
0.275896 0.226245 0.985427
0.551500 0.287862 0.551741
0.925127 0.822684 0.513675
0.182306 0.056447 0.906844
0.366312 0.683147 0.857116
0.643968 0.567094 0.707009
0.489284 0.184964 0.559473
0.860510 0.108179 0.272392
0.201195 0.539825 0.202048
0.648182 0.124222 0.437829
0.832291 0.066244 0.618534
0.653767 0.444576 0.056214
0.376346 0.295272 0.848406
0.632824 0.249334 0.299851
0.458982 0.951849 0.915790
0.647083 0.983490 0.603462
0.892544 0.172979 0.190392
0.010651 0.489047 0.214495
0.626169 0.892562 0.934296
0.845371 0.433463 0.086096
0.719693 0.056696 0.489053
0.939744 0.547673 0.746802
0.209900 0.137782 0.834484
0.025908 0.848642 0.780522
0.113508 0.010654 0.458738
0.444346 0.857587 0.832066
0.227794 0.334971 0.298312
0.353232 0.800893 0.595106
0.489059 0.174928 0.845149
0.926632 0.969374 0.307110
0.548751 0.741111 0.844052
0.234053 0.914227 0.587720
0.552851 0.044409 0.312942
0.605471 0.630832 0.607896
0.454195 0.409387 0.636386
0.148451 0.734884 0.762282
0.635298 0.029089 0.063158
0.361283 0.860783 0.617868
0.390833 0.454197 0.423213
0.523462 0.538956 0.988723
0.658179 0.914893 0.615209
0.651525 0.383074 0.524794
0.203550 0.256081 0.225101
0.939715 0.835344 0.173647
0.950976 0.378944 0.223165
0.617862 0.652854 0.562654
0.824837 0.764223 0.171229
0.859551 0.309307 0.399664
0.339113 0.299878 0.695583
0.098250 0.163854 0.608971
0.055783 0.729065 0.011564
0.076467 0.573544 0.550448
0.201117 0.852901 0.880159
0.847338 0.717297 0.775359
0.509160 0.755573 0.682272
0.813704 0.684449 0.471758
0.996110 0.101984 0.524544
0.286579 0.913312 0.968020
0.885603 0.210069 0.868049
0.101509 0.883428 0.226405
0.204632 0.276782 0.136482
0.500357 0.742026 0.501408
0.078434 0.201365 0.205747
0.185851 0.316065 0.387646
0.944287 0.414738 0.157183
0.434124 0.895866 0.275459
0.757989 0.408076 0.343868
0.499044 0.098283 0.258242
0.628538 0.712878 0.466168
0.186702 0.388739 0.838632
0.312925 0.214224 0.003941
0.732440 0.007074 0.138675
0.367831 0.309752 0.034887
0.638580 0.811512 0.204408
0.223382 0.342541 0.924223
0.564857 0.703924 0.186930
0.523447 0.639671 0.571146
0.055323 0.149561 0.810649
0.630600 0.509376 0.925316
0.593155 0.886901 0.808337
0.733302 0.576852 0.879158
0.571144 0.468587 0.487071
0.928828 0.257150 0.659256
0.191283 0.767993 0.747934
0.211188 0.272190 0.890170
0.585547 0.713713 0.375447
0.584458 0.279828 0.967395
0.970312 0.411258 0.569894
0.575752 0.818138 0.822864
0.856294 0.811981 0.245387
0.122090 0.087138 0.610866
0.674633 0.569087 0.328898
0.227995 0.310738 0.909499
0.325142 0.286119 0.158292
0.518981 0.934494 0.454550
0.961839 0.659495 0.196320
0.632657 0.637482 0.257378
0.060522 0.056026 0.669937
0.363659 0.084738 0.767374
0.273298 0.678413 0.097800
0.335195 0.406235 0.887812
0.284188 0.668850 0.529405
0.535087 0.022253 0.912439
0.464124 0.860101 0.249995
0.857176 0.923323 0.782754
0.406480 0.325144 0.304455
0.823944 0.141611 0.085815
0.251817 0.642224 0.676246
0.278998 0.069339 0.757552
0.755375 0.443660 0.441249
0.642688 0.489424 0.632403
0.701754 0.093685 0.630468
0.213536 0.971878 0.518511
0.148006 0.655789 0.139542
0.467862 0.306633 0.385217
0.398522 0.874998 0.812812
0.365829 0.848469 0.725743
0.289407 0.849799 0.318841
0.680712 0.362561 0.154918
0.679966 0.933144 0.057130
0.847386 0.914847 0.759960
0.592415 0.428493 0.384339
0.811954 0.244035 0.736844
0.258436 0.635708 0.618372
0.126239 0.306844 0.629021
0.128658 0.354961 0.269570
0.827301 0.571751 0.851647
0.834076 0.245363 0.746651
0.958414 0.246450 0.171485
0.932029 0.927948 0.708173
0.821503 0.882593 0.691602
0.246221 0.786906 0.306856
0.820893 0.944247 0.138474
0.453452 0.884769 0.946431
0.946676 0.072523 0.873644
0.046673 0.678629 0.592425
0.770322 0.377835 0.678884
0.473277 0.783624 0.466988
0.846061 0.937716 0.944255
0.341658 0.117778 0.037710
0.560861 0.675136 0.013765
0.634850 0.353866 0.276597
0.742044 0.956238 0.923336
0.269317 0.568599 0.957322
0.373660 0.083415 0.645743
0.790108 0.451275 0.025508
0.516762 0.361246 0.910263
0.137398 0.902898 0.013530
0.107467 0.925513 0.037960
0.621720 0.607422 0.663154
0.514349 0.881267 0.358088
0.767572 0.262924 0.247307
0.274194 0.411604 0.175856
0.151211 0.232060 0.427183
0.872134 0.093692 0.462154
0.561726 0.827319 0.200679
0.616136 0.027925 0.407121
0.715714 0.734488 0.244253
0.017709 0.537461 0.861234
0.400978 0.711129 0.922675
0.186317 0.876727 0.278787
0.212410 0.142509 0.570206
0.212652 0.329547 0.232026
0.237733 0.677520 0.255149
0.416084 0.469845 0.993903
0.703736 0.791675 0.422762
0.319974 0.516765 0.374507
0.155807 0.921586 0.529606
0.744282 0.158091 0.899839
0.335169 0.759787 0.164547
0.874323 0.142745 0.059508
0.859143 0.400972 0.849113
0.288117 0.618799 0.348238
0.060738 0.931150 0.310916
0.737732 0.096916 0.016616
0.923788 0.780539 0.569460
0.045393 0.913725 0.254296
0.316456 0.191919 0.690962
0.317784 0.528996 0.446983
0.477446 0.630442 0.899600
0.070545 0.287270 0.615294
0.393242 0.141405 0.929295
0.601924 0.573944 0.839793
0.911322 0.858291 0.269532
0.748872 0.886782 0.442347
0.872593 0.566193 0.593786
0.919270 0.292601 0.516986
0.922200 0.144911 0.924875
0.325390 0.581323 0.988588
0.393020 0.174101 0.749968
0.943365 0.969516 0.170199
0.672060 0.397876 0.410549
0.479860 0.223536 0.118423
0.665524 0.222204 0.374520
0.048404 0.305316 0.767597
0.558355 0.977127 0.247995
0.229094 0.294817 0.589072
0.780328 0.818549 0.104161
0.090148 0.886755 0.674483
0.747538 0.210023 0.319711
0.534166 0.900421 0.259963
0.410555 0.688642 0.254033
0.721164 0.362550 0.278581
0.590293 0.129558 0.969737
0.363938 0.230074 0.478524
0.982819 0.558108 0.012002
0.645691 0.727937 0.931144
0.295926 0.964057 0.503688
0.436282 0.232250 0.004627
0.832827 0.316215 0.896556
0.196290 0.629460 0.937925
0.816227 0.721390 0.577097
0.733195 0.991508 0.842872
0.176673 0.575903 0.636737
0.703546 0.813089 0.642183
0.116384 0.420106 0.517017
0.599352 0.545053 0.475403
0.187341 0.847197 0.404458
0.461476 0.918181 0.209217
0.484136 0.133817 0.064967
0.159098 0.194157 0.028640
0.756063 0.270618 0.004893
0.920444 0.991518 0.566672
0.086984 0.745114 0.741805
0.802295 0.190988 0.186236
0.689269 0.268660 0.349643
0.831995 0.577317 0.451689
0.645439 0.324575 0.497447
0.152214 0.556616 0.260921
0.774505 0.509633 0.428654
0.793492 0.313684 0.986194
0.029726 0.705968 0.478906
0.934631 0.600779 0.895169
0.655278 0.038688 0.395535
0.185394 0.340812 0.912820
0.247945 0.962090 0.293762
0.840234 0.758244 0.156850
0.225916 0.860292 0.788928
0.465821 0.953388 0.757381
0.565115 0.523925 0.863357
0.154430 0.086745 0.830426
0.531537 0.669433 0.105102
0.532629 0.587350 0.258842
0.347237 0.105107 0.888604
0.257501 0.725103 0.129232
0.556638 0.512805 0.191818
0.210220 0.803144 0.222890
0.969948 0.610124 0.601606
0.772576 0.189750 0.991309
0.672805 0.036494 0.339850
0.828355 0.911730 0.121758
0.195177 0.543763 0.951189
0.234868 0.188887 0.083018
0.197599 0.049796 0.568632
0.854643 0.108851 0.347488
0.608240 0.758239 0.015788
0.039752 0.944887 0.104001
0.750988 0.048460 0.713591
0.234627 0.941135 0.556649
0.541578 0.176651 0.807965
0.140499 0.803138 0.476945
0.122605 0.611462 0.300347
0.678364 0.656337 0.475618
0.200886 0.487421 0.760130
0.570935 0.363709 0.598257
0.549293 0.363705 0.391154
0.928186 0.218171 0.700286
0.700283 0.293991 0.717709
0.809906 0.598008 0.094146
0.762551 0.522817 0.304707
0.782561 0.151393 0.002285
0.060326 0.588226 0.567794
0.539488 0.716621 0.220443
0.114031 0.414044 0.193812
0.257727 0.438233 0.303672
0.890758 0.141347 0.716413
0.421825 0.157929 0.761869
0.943779 0.964007 0.123943
0.670847 0.922638 0.382651
0.182929 0.059172 0.182921
0.854665 0.432928 0.870904
0.657883 0.064996 0.107985
0.282649 0.894294 0.169706
0.092156 0.977305 0.879963
0.768026 0.086715 0.312154
0.593850 0.169704 0.452565
0.570711 0.795877 0.554002
0.866874 0.174057 0.911701
0.328965 0.828135 0.235938
0.360855 0.691542 0.355044
0.416485 0.654130 0.429310
0.815325 0.373935 0.165591
0.031834 0.476779 0.977777
0.420725 0.443620 0.025176
0.452337 0.807717 0.741606
0.992423 0.877787 0.191621
0.167540 0.155534 0.644791
0.890970 0.759376 0.060336
0.300385 0.541552 0.618283
0.564066 0.440596 0.587396
0.304980 0.867966 0.793444
0.190521 0.085614 0.570712
0.676373 0.643461 0.965312
0.291386 0.645887 0.442542
0.005331 0.231587 0.166211
0.840037 0.144637 0.727566
0.405367 0.032925 0.463689
0.629187 0.690683 0.680636
0.218389 0.689222 0.004005
0.580780 0.791031 0.816884
0.373714 0.504393 0.344169
0.941332 0.075822 0.832648
0.325438 0.041635 0.798921
0.450367 0.831791 0.708819
0.064701 0.927031 0.570989
0.129031 0.679645 0.581875
0.370686 0.438047 0.801151
0.746059 0.712079 0.478938
0.867745 0.143575 0.692610
0.266410 0.142001 0.174275
0.782590 0.450371 0.993522
0.717510 0.824266 0.372865
0.717753 0.557529 0.686184
0.345017 0.233730 0.691768
0.472146 0.477844 0.679638
0.347439 0.665483 0.659806
0.133533 0.527248 0.081038
0.897363 0.028646 0.632106
0.487873 0.654112 0.294402
0.989287 0.242685 0.081036
0.632598 0.385916 0.601885
0.133552 0.002296 0.131120
0.741898 0.361728 0.899538
0.892739 0.758021 0.795647
0.669028 0.256849 0.995961
0.967939 0.923931 0.666345
0.633072 0.864237 0.371527
0.965765 0.323013 0.429323
0.993309 0.626922 0.128196
0.532014 0.829495 0.336794
0.881836 0.530881 0.508976
0.522453 0.285940 0.521598
0.378105 0.896031 0.928332
0.841398 0.040762 0.730763
0.843573 0.242458 0.680055
0.221988 0.020939 0.731852
0.754961 0.911713 0.251387
0.142496 0.449150 0.509470
0.752784 0.802478 0.494325
0.685737 0.496508 0.123747
0.751213 0.131130 0.147959
0.367696 0.220649 0.865593
0.348709 0.312503 0.016497
0.020994 0.691192 0.560039
0.279299 0.034916 0.395922
0.100060 0.685746 0.550481
0.233969 0.085273 0.684663
0.932614 0.656194 0.474711
0.097273 0.878439 0.227047
0.261172 0.165397 0.673510
0.645076 0.207675 0.524631
0.551105 0.955946 0.843317
0.540093 0.543131 0.206105
0.380894 0.626303 0.563304
0.541180 0.617835 0.725178
0.887125 0.154477 0.038040
0.887124 0.731613 0.932600
0.553770 0.265775 0.054774
0.875384 0.767823 0.002075
0.063015 0.765886 0.265783
0.559077 0.766733 0.239033
0.729995 0.611298 0.307165
0.265762 0.844676 0.342174
0.953524 0.074392 0.101148
0.131160 0.565990 0.774115
0.839095 0.661519 0.855786
0.190312 0.575797 0.018205
0.039338 0.054306 0.534423
0.478299 0.493499 0.940475
0.063026 0.102232 0.017115
0.962466 0.102475 0.064339
0.671323 0.299904 0.481476
0.748263 0.344122 0.439973
0.602529 0.319128 0.716479
0.707750 0.635270 0.005132
0.438421 0.916376 0.317181
0.295564 0.761295 0.921721
0.133110 0.244820 0.552437
0.511986 0.695767 0.907657
0.690058 0.284646 0.940437
0.507498 0.039350 0.319127
0.994679 0.112267 0.915287
0.738283 0.240240 0.267708
0.161829 0.542262 0.898261
0.655064 0.459316 0.982201
0.449568 0.165377 0.667064
0.810046 0.028460 0.075233
0.429950 0.199131 0.478051
0.402230 0.991163 0.460524
0.667042 0.218576 0.825787
0.764742 0.627654 0.296861
0.672866 0.457374 0.344132
0.509679 0.887377 0.751670
0.263325 0.332390 0.943720
0.136871 0.967911 0.799649
0.562030 0.658121 0.777886
0.634109 0.387064 0.684625
0.378541 0.868629 0.763480
0.130095 0.233706 0.498715
0.544661 0.267934 0.835731
0.621058 0.604708 0.177357
0.732997 0.076572 0.051050
0.322586 0.707780 0.500895
0.722944 0.442922 0.135772
0.147744 0.330135 0.412278
0.462527 0.077843 0.382816
0.730572 0.265991 0.465805
0.254840 0.625889 0.604781
0.474990 0.020790 0.457188
0.367886 0.162913 0.084375
0.658582 0.219614 0.365487
0.064535 0.496941 0.325857
0.109072 0.010742 0.773209
0.157306 0.430936 0.427775
0.855100 0.799842 0.614999
0.352166 0.855355 0.786773
0.167106 0.095028 0.277903
0.985745 0.346956 0.029375
0.484506 0.206546 0.949243
0.347831 0.464960 0.438417
0.054504 0.447143 0.636528
0.438200 0.805919 0.412287
0.858646 0.825768 0.795229
0.753414 0.464940 0.553555
0.802883 0.644392 0.182518
0.730537 0.621059 0.453823
0.314952 0.984646 0.914125
0.832499 0.215247 0.616701
0.638505 0.085699 0.348901
0.334762 0.085457 0.668388
0.573186 0.983559 0.517060
0.358975 0.590745 0.071069
0.170759 0.181668 0.845308
0.568817 0.738059 0.694887
0.907869 0.321494 0.704022
0.907628 0.752585 0.304927
0.811580 0.532686 0.033845
0.717119 0.915455 0.562041
0.646598 0.798980 0.901077
0.773482 0.453820 0.928553
0.627854 0.742785 0.271375
0.034927 0.890335 0.398144
0.680226 0.413385 0.300301
0.868431 0.565555 0.765607
0.881864 0.029589 0.483415
0.811349 0.690041 0.893606
0.859964 0.872908 0.486928
0.914141 0.737176 0.253981
0.836622 0.297527 0.684836
0.927690 0.636561 0.814628
0.155389 0.591808 0.917425
0.918741 0.633295 0.101343
0.743610 0.427792 0.142093
0.971128 0.858400 0.552480
0.261114 0.876035 0.313621
0.653874 0.712900 0.121151
0.676996 0.847512 0.228558
0.711844 0.568832 0.167111
0.058962 0.669213 0.188296
0.961799 0.491292 0.742757
0.238332 0.142082 0.847992
0.010787 0.964601 0.407714
0.161986 0.965933 0.842064
0.605312 0.179337 0.366339
0.913002 0.242615 0.721841
0.319666 0.665096 0.124671
0.285310 0.925030 0.528167
0.728289 0.481255 0.249486
0.249474 0.656149 0.305014
0.195755 0.240674 0.377783
0.437924 0.294279 0.900160
0.298880 0.696360 0.147436
0.592163 0.821019 0.126736
0.090690 0.252878 0.147439
0.952835 0.373181 0.477156
0.012738 0.547345 0.468680
0.947024 0.407287 0.517926
0.947028 0.742108 0.685476
0.269060 0.133032 0.995329
0.689821 0.237242 0.914330
0.883500 0.100348 0.419039
0.810113 0.871519 0.501112
0.707339 0.126500 0.260012
0.480303 0.960471 0.260258
0.481635 0.226111 0.150601
0.481634 0.019122 0.454281
0.595681 0.227448 0.055466
0.804914 0.055221 0.374265
0.377522 0.527969 0.709755
0.746926 0.080883 0.032565
0.775292 0.453192 0.182432
0.871732 0.272255 0.515768
0.888173 0.513347 0.806094
0.192464 0.066354 0.089464
0.905871 0.764394 0.884835
0.493893 0.536200 0.070857
0.259259 0.488064 0.364461
0.535348 0.743672 0.262661
0.017166 0.891586 0.113649
0.320626 0.522265 0.138727
0.787284 0.008486 0.432228
0.093504 0.444205 0.434404
0.000752 0.720538 0.467101
0.270092 0.779410 0.677605
0.826734 0.979064 0.260247
0.973517 0.810348 0.409486
0.252847 0.101897 0.653893
0.352499 0.683272 0.183992
0.076169 0.509299 0.080678
0.648058 0.916772 0.007395
0.191124 0.652318 0.872827
0.511387 0.480530 0.660147
0.191121 0.740157 0.810104
0.986407 0.799260 0.261328
0.478451 0.967087 0.763074
0.275787 0.111213 0.810343
0.989919 0.251757 0.479308
0.511139 0.901284 0.801630
0.914340 0.547555 0.137409
0.562765 0.570135 0.918951
0.263733 0.824730 0.563844
0.800535 0.442037 0.194648
0.742563 0.845010 0.708442
0.329029 0.253931 0.484952
0.998400 0.812994 0.632947
0.824724 0.250664 0.838969
0.332835 0.790433 0.835459
0.052385 0.862802 0.561435
0.283184 0.641416 0.285584
0.362007 0.216309 0.839811
0.626459 0.799011 0.226343
0.626217 0.990903 0.936116
0.063040 0.972892 0.860628
0.685669 0.261790 0.057670
0.366601 0.193379 0.894436
0.471641 0.354626 0.627782
0.145062 0.478047 0.773293
0.001627 0.211052 0.535319
0.401541 0.719369 0.250894
0.742153 0.162876 0.662788
0.902310 0.364673 0.758731
0.315091 0.233087 0.937892
0.544265 0.507099 0.614470
0.010115 0.022563 0.959446
0.754365 0.565802 0.145060
0.092820 0.764102 0.741064
0.720374 0.904738 0.563868
0.043499 0.108023 0.707143
0.353796 0.776331 0.903401
0.547526 0.100536 0.774393
0.249648 0.629971 0.355702
0.055674 0.213225 0.426829
0.709588 0.088563 0.756789
0.446668 0.618602 0.448638
0.163949 0.763023 0.754122
0.881335 0.408180 0.128725
0.684560 0.145290 0.559388
0.534692 0.822523 0.764350
0.000552 0.352468 0.150639
0.968131 0.307690 0.743478
0.221088 0.387766 0.225436
0.653844 0.089695 0.251723
0.800504 0.532035 0.674752
0.817167 0.559396 0.056526
0.924100 0.258361 0.137452
0.436894 0.374009 0.239840
0.076366 0.001884 0.561471
0.160444 0.787244 0.661432
0.331531 0.295196 0.869012
0.389718 0.296280 0.215669
0.946118 0.838991 0.827867
0.957485 0.734752 0.299791
0.087015 0.213480 0.695207
0.778776 0.118707 0.767631
0.087263 0.228717 0.048939
0.514606 0.880260 0.890045
0.241926 0.987548 0.604238
0.530088 0.894890 0.708247
0.447532 0.741036 0.477162
0.939821 0.097055 0.999524
0.043475 0.593284 0.626480
0.289742 0.053030 0.972862
0.670158 0.568202 0.596304
0.857023 0.707183 0.284064
0.514265 0.819574 0.979013
0.699477 0.569537 0.444019
0.354824 0.001671 0.355729
0.388835 0.676350 0.010578
0.900322 0.421742 0.066100
0.290998 0.301052 0.036706
0.173325 0.233047 0.307461
0.908043 0.090298 0.425522
0.836599 0.663287 0.385362
0.073950 0.257015 0.642701
0.837685 0.128764 0.213479
0.410606 0.070443 0.507087
0.123071 0.826312 0.838522
0.394037 0.633870 0.741038
0.081578 0.428381 0.196857
0.924762 0.336165 0.024975
0.946578 0.418102 0.246115
0.010156 0.620566 0.710597
0.161116 0.732398 0.440028
0.447905 0.868179 0.632535
0.644997 0.128769 0.354820
0.277547 0.093312 0.439037
0.359031 0.911453 0.997359
0.959633 0.129863 0.212581
0.112959 0.022137 0.755026
0.505328 0.688573 0.050848
0.058100 0.828501 0.015835
0.971500 0.280957 0.564083
0.872222 0.350481 0.687494
0.487374 0.106278 0.558643
0.561817 0.642364 0.488694
0.463387 0.848356 0.403087
0.576060 0.926739 0.569301
0.633865 0.979220 0.538460
0.370058 0.645869 0.015848
0.841705 0.702998 0.171151
0.996042 0.128788 0.255063
0.923221 0.525142 0.281803
0.955254 0.806243 0.280714
0.771523 0.536279 0.688571
0.956581 0.070226 0.176605
0.557329 0.742170 0.911455
0.567370 0.838798 0.430449
0.049828 0.396673 0.710134
0.911486 0.004717 0.223699
0.851772 0.618014 0.162652
0.080026 0.395120 0.821875
0.756561 0.365971 0.182024
0.432893 0.978362 0.757667
0.290521 0.862648 0.193395
0.105178 0.419444 0.140427
0.451397 0.429005 0.128547
0.903625 0.026712 0.718096
0.363544 0.405291 0.011461
0.641016 0.221498 0.933473
0.704925 0.479773 0.287356
0.987346 0.425910 0.093582
0.969417 0.277343 0.169290
0.890090 0.383350 0.768126
0.569319 0.644718 0.816035
0.112930 0.618671 0.267266
0.526227 0.502244 0.371173
0.297162 0.079213 0.442438
0.777013 0.549798 0.474251
0.686122 0.392074 0.956354
0.260857 0.761917 0.644533
0.383593 0.946539 0.644774
0.807794 0.789470 0.882001
0.645805 0.765284 0.680821
0.338304 0.093517 0.312163
0.873346 0.467301 0.769220
0.618672 0.117684 0.839415
0.745269 0.709152 0.026710
0.872250 0.280753 0.745674
0.334187 0.429022 0.187774
0.269422 0.209124 0.569574
0.653664 0.224783 0.224766
0.736796 0.315010 0.513131
0.979678 0.836163 0.393152
0.790454 0.573614 0.755062
0.017826 0.352861 0.266166
0.159291 0.713204 0.140209
0.008095 0.305435 0.826592
0.326382 0.361578 0.444672
0.569582 0.409448 0.479767
0.668944 0.883125 0.967468
0.616027 0.848394 0.276010
0.090004 0.574706 0.838338
0.562708 0.848396 0.340856
0.780429 0.688766 0.663480
0.520903 0.111817 0.766122
0.467542 0.968773 0.984086
0.458836 0.911207 0.405072
0.527779 0.026504 0.083713
0.004521 0.540960 0.589172
0.304101 0.586928 0.673293
0.758550 0.911686 0.025692
0.511174 0.748993 0.980963
0.549783 0.506822 0.369032
0.549782 0.307625 0.270714
0.380299 0.077059 0.609305
0.197561 0.695043 0.640112
0.235884 0.412621 0.260843
0.234796 0.059887 0.194055
0.127259 0.694197 0.863514
0.194285 0.634929 0.860006
0.276273 0.184478 0.690849
0.660199 0.545179 0.933468
0.608680 0.476231 0.315491
0.110963 0.777287 0.224780
0.970604 0.108647 0.307856
0.835087 0.976384 0.511174
0.678702 0.824096 0.943231
0.524019 0.848165 0.908029
0.591255 0.806677 0.580392
0.490996 0.261912 0.237812
0.082643 0.909366 0.540968
0.000152 0.318504 0.049623
0.675693 0.298056 0.631416
0.698312 0.934778 0.352851
0.490752 0.036790 0.608435
0.665889 0.784664 0.711494
0.538646 0.017613 0.790241
0.759875 0.451320 0.196697
0.213883 0.309054 0.919399
0.582313 0.772443 0.412612
0.600704 0.895050 0.280535
0.455789 0.425274 0.308709
0.093539 0.028504 0.185035
0.289346 0.717819 0.268541
0.337245 0.042812 0.361637
0.119403 0.929382 0.087964
0.518221 0.356299 0.751740
0.944542 0.396732 0.137192
0.346488 0.569807 0.498653
0.232347 0.028520 0.499733
0.864783 0.980524 0.774854
0.294956 0.910516 0.232110
0.981606 0.121612 0.394318
0.579621 0.143620 0.207395
0.965004 0.863441 0.256560
0.635776 0.909305 0.701240
0.299178 0.770276 0.929144
0.655386 0.407849 0.569803
0.155612 0.334030 0.722183
0.610233 0.667373 0.041722
0.266591 0.488862 0.303507
0.200747 0.692308 0.027431
0.542565 0.064617 0.711278
0.087955 0.634677 0.168943
0.662911 0.988494 0.279327
0.139385 0.546912 0.349526
0.626822 0.673800 0.661824
0.270995 0.866981 0.230179
0.695819 0.943672 0.469088
0.198339 0.047256 0.257641
0.096421 0.758118 0.803025
0.614601 0.680555 0.001017
0.748321 0.270764 0.336216
0.335365 0.234506 0.928286
0.050461 0.808708 0.005858
0.027643 0.638821 0.509529
0.713004 0.241278 0.006702
0.441972 0.005641 0.459267
0.620291 0.784696 0.290132
0.232566 0.035018 0.763748
0.404358 0.588587 0.608366
0.906042 0.232337 0.222529
0.992510 0.923851 0.886795
0.578315 0.984902 0.447288
0.234749 0.145824 0.133606
0.986082 0.168927 0.745042
0.280569 0.082285 0.655360
0.402172 0.096209 0.804101
0.581954 0.806995 0.335378
0.033096 0.013010 0.116049
0.893099 0.965218 0.876510
0.187681 0.475977 0.431726
0.955668 0.855842 0.243213
0.568750 0.931465 0.838281
0.740815 0.072495 0.053745
0.273806 0.097773 0.774896
0.105210 0.383868 0.451301
0.517126 0.300288 0.575273
0.902932 0.408975 0.344260
0.531646 0.437051 0.190662
0.314619 0.416352 0.761989
0.823081 0.494487 0.220328
0.210325 0.050647 0.621565
0.428316 0.643599 0.548079
0.690589 0.908640 0.323167
0.690103 0.981650 0.645772
0.211659 0.635718 0.477750
0.177631 0.520994 0.497514
0.576368 0.699143 0.769472
0.706941 0.846923 0.655102
0.568506 0.890625 0.129372
0.803489 0.642010 0.484690
0.893086 0.921613 0.115236
0.529336 0.887475 0.845830
0.071162 0.198384 0.819804
0.074670 0.271645 0.642254
0.292573 0.080285 0.790298
0.187257 0.314683 0.558725
0.329944 0.829111 0.920517
0.105201 0.051509 0.749218
0.323166 0.104579 0.583900
0.857808 0.792000 0.016347
0.551096 0.726594 0.853203
0.146950 0.785717 0.529558
0.803235 0.842574 0.334477
0.897275 0.190644 0.192825
0.155417 0.441535 0.845843
0.485301 0.030611 0.760675
0.189664 0.603951 0.115225
0.322069 0.191731 0.382997
0.922945 0.417465 0.256735
0.048397 0.793357 0.641197
0.138090 0.449027 0.123841
0.729624 0.875460 0.142369
0.801043 0.855654 0.624851
0.503184 0.079090 0.099928
0.803227 0.801033 0.062643
0.166571 0.657980 0.135823
0.390163 0.831200 0.973035
0.566349 0.155675 0.326882
0.093353 0.304630 0.759232
0.786823 0.359769 0.161098
0.976794 0.327973 0.460049
0.344044 0.717876 0.409613
0.451584 0.257816 0.983615
0.196193 0.951261 0.794435
0.323388 0.050438 0.102139
0.736123 0.621106 0.283642
0.474462 0.963476 0.833632
0.256975 0.775937 0.152155
0.229363 0.062414 0.310209
0.687154 0.004105 0.503806
0.154347 0.731919 0.055970
0.211863 0.631145 0.601114
0.333150 0.543024 0.907751
0.727898 0.297820 0.079705
0.600679 0.759064 0.348822
0.300016 0.114592 0.678099
0.240148 0.696762 0.380553
0.844748 0.298918 0.828295
0.918478 0.612494 0.941678
0.466840 0.451710 0.879644
0.691888 0.915149 0.135849
0.190875 0.800161 0.585458
0.188559 0.040478 0.610070
0.265440 0.589814 0.726140
0.842581 0.065535 0.547616
0.841492 0.229109 0.783189
0.612880 0.981693 0.869822
0.153249 0.360936 0.812373
0.748348 0.240382 0.601588
0.391238 0.500788 0.030662
0.072459 0.208628 0.617708
0.074635 0.322664 0.219521
0.730821 0.715475 0.880873
0.340923 0.033935 0.535635
0.059494 0.940355 0.938275
0.806955 0.390128 0.179676
0.719609 0.104779 0.897063
0.785598 0.065544 0.674978
0.309458 0.210704 0.438968
0.977620 0.113007 0.851061
0.494449 0.072077 0.050064
0.981202 0.265415 0.741759
0.053313 0.293002 0.051157
0.091826 0.948043 0.054666
0.968909 0.459427 0.455066
0.493594 0.595249 0.844551
0.402313 0.221837 0.513833
0.881956 0.148702 0.887004
0.074009 0.892838 0.684998
0.685871 0.148942 0.146769
0.041326 0.908623 0.313938
0.601100 0.834508 0.469472
0.717419 0.242529 0.020843
0.011926 0.188372 0.958098
0.902076 0.613369 0.389596
0.571045 0.208660 0.994778
0.718746 0.962590 0.144351
0.583032 0.930769 0.040695
0.282576 0.562131 0.694314
0.370974 0.561287 0.114569
0.508035 0.985833 0.523643
0.847806 0.105610 0.390573
0.438968 0.530159 0.166589
0.132360 0.344013 0.669134
0.193957 0.662980 0.578933
0.193712 0.368679 0.715497
0.868767 0.470441 0.528082
0.026158 0.394703 0.750456
0.683428 0.306170 0.392768
0.176139 0.993214 0.751309
0.104527 0.942991 0.017455
0.993448 0.356221 0.522308
0.995865 0.388271 0.460476
0.639519 0.876125 0.274748
0.952798 0.844335 0.052660
0.702180 0.846998 0.536927
0.974562 0.411065 0.428739
0.382728 0.730686 0.010621
0.563462 0.308166 0.472460
0.239131 0.719401 0.579817
0.460406 0.623349 0.183737
0.309444 0.985604 0.680137
0.994793 0.216464 0.757919
0.856534 0.463748 0.983430
0.619910 0.027064 0.250382
0.447698 0.294119 0.577644
0.470445 0.882601 0.855231
0.788403 0.532333 0.846507
0.135634 0.706339 0.855230
0.760257 0.451511 0.704381
0.893743 0.065976 0.029255
0.319061 0.225183 0.845677
0.672991 0.566739 0.626868
0.576548 0.378669 0.142177
0.085585 0.011968 0.281292
0.369955 0.844103 0.034828
0.692599 0.376484 0.251698
0.062222 0.374066 0.364498
0.103417 0.847853 0.280198
0.227121 0.646691 0.471596
0.424141 0.124768 0.209922
0.311340 0.643188 0.402365
0.135887 0.808072 0.266709
0.252309 0.731783 0.551265
0.947188 0.770068 0.159845
0.602237 0.345755 0.204477
0.814750 0.610283 0.461560
0.262590 0.963894 0.113443
0.364016 0.042686 0.703081
0.435261 0.786882 0.760038
0.834547 0.740242 0.748192
0.226285 0.801449 0.843028
0.021760 0.787999 0.380977
0.470028 0.294136 0.414113
0.260163 0.399593 0.183950
0.982355 0.357518 0.230743
0.733719 0.500719 0.753780
0.168318 0.623129 0.343596
0.148504 0.085126 0.344679
0.676097 0.691249 0.283477
0.273431 0.368645 0.940761
0.085368 0.472436 0.020880
0.646008 0.332463 0.248043
0.909910 0.801432 0.729677
0.216487 0.759082 0.113679
0.238479 0.672961 0.469279
0.148754 0.424164 0.890460
0.706580 0.039032 0.445063
0.894804 0.357746 0.931810
0.726171 0.868554 0.870613
0.523829 0.180430 0.893710
0.925155 0.870610 0.544522
0.909923 0.325953 0.380748
0.864199 0.492015 0.251674
0.348808 0.645147 0.994357
0.364281 0.010611 0.753528
0.387383 0.718561 0.647319
0.104959 0.797311 0.017499
0.170645 0.797796 0.095397
0.263899 0.729449 0.658202
0.763566 0.096245 0.475938
0.784489 0.135439 0.379525
0.098421 0.460450 0.075320
