4
0.676872 0.906824 0.973661 0.705283
0.111120 0.352124 0.679900 0.537662
0.709406 0.114630 0.098066 0.729490
0.252510 0.595549 0.597969 0.895609
0.753366 0.927523 0.012609 0.010423
0.454395 0.231813 0.009674 0.089587
0.878272 0.876090 0.396186 0.127952
0.148653 0.092518 0.273695 0.964952
0.091666 0.876098 0.308642 0.639214
0.314092 0.288706 0.010665 0.070967
0.909090 0.781828 0.662225 0.217989
0.466143 0.320768 0.236036 0.660052
0.844268 0.988921 0.103983 0.480678
0.844024 0.892580 0.101555 0.197810
0.467218 0.195879 0.800681 0.077131
0.191026 0.945193 0.638363 0.110268
0.297410 0.824877 0.570250 0.801759
0.160306 0.752261 0.159538 0.654856
0.128802 0.469637 0.938669 0.294148
0.606750 0.791865 0.555094 0.054255
0.582698 0.790774 0.226235 0.080767
0.319778 0.583306 0.856000 0.465039
0.730009 0.620831 0.374385 0.117917
0.583786 0.831199 0.192113 0.353209
0.219915 0.535476 0.754445 0.582461
0.196710 0.225156 0.362157 0.217987
0.171679 0.412758 0.475088 0.149724
0.099134 0.144280 0.103731 0.939765
0.675763 0.226209 0.042003 0.283025
0.847545 0.825955 0.343655 0.560686
0.397012 0.511490 0.855388 0.535234
0.391948 0.138861 0.834465 0.456337
0.209904 0.192101 0.455007 0.194536
0.230941 0.307530 0.810470 0.241861
0.387445 0.791651 0.746821 0.675762
0.732883 0.913144 0.377685 0.501208
0.386115 0.017046 0.139711 0.296112
0.403813 0.938402 0.894974 0.467689
0.020446 0.860757 0.945177 0.745957
0.444332 0.757937 0.205549 0.625062
0.276750 0.391945 0.512100 0.401876
0.983258 0.738181 0.091209 0.836418
0.202047 0.422586 0.903578 0.367878
0.081409 0.158226 0.937791 0.522390
0.891474 0.443244 0.207978 0.223181
0.729476 0.871861 0.018373 0.524331
0.157130 0.060948 0.116600 0.788497
0.904437 0.741106 0.712828 0.579084
0.603225 0.925350 0.034846 0.032681
0.435402 0.336901 0.947364 0.205551
0.355889 0.330369 0.791647 0.948211
0.384189 0.490035 0.733745 0.159550
0.730234 0.774099 0.545492 0.922083
0.100674 0.402736 0.492214 0.548767
0.368712 0.236269 0.512598 0.893639
0.639463 0.102857 0.584657 0.613091
0.283285 0.041378 0.017299 0.662459
0.481732 0.086090 0.284379 0.811785
0.112899 0.939504 0.559009 0.916644
0.504736 0.705055 0.111326 0.659296
0.260585 0.054286 0.315392 0.388312
0.951612 0.895404 0.981088 0.640205
0.651335 0.399892 0.465268 0.223194
0.930931 0.790989 0.651339 0.950769
0.923361 0.526968 0.827718 0.202277
0.310522 0.410130 0.156077 0.052024
0.923364 0.698864 0.203547 0.162992
0.775110 0.923122 0.734405 0.849740
0.808122 0.433499 0.285000 0.275676
0.808121 0.985207 0.848896 0.239745
0.014826 0.363213 0.996583 0.775114
0.448998 0.425869 0.290839 0.321416
0.473941 0.605232 0.674649 0.651529
0.257176 0.747964 0.272170 0.320566
0.486195 0.936680 0.971439 0.800403
0.200286 0.969365 0.205730 0.457472
0.673312 0.469214 0.835580 0.577907
0.519190 0.651767 0.997200 0.675994
0.524315 0.501671 0.139744 0.098490
0.227529 0.152946 0.510393 0.010474
0.818399 0.074287 0.819006 0.184537
0.182110 0.614355 0.647028 0.037934
0.299633 0.433241 0.947106 0.089775
0.822654 0.801718 0.577903 0.455296
0.773183 0.161434 0.535428 0.657091
0.510152 0.563761 0.533494 0.261415
0.988729 0.413651 0.319570 0.979392
0.862951 0.671153 0.408076 0.796289
0.851812 0.215763 0.352102 0.958466
0.599719 0.808111 0.053133 0.000642
0.333818 0.087115 0.546795 0.639409
0.664862 0.774275 0.665919 0.001730
0.636132 0.757995 0.599923 0.891042
0.682032 0.426713 0.289862 0.873870
0.473932 0.286334 0.160791 0.896730
0.147597 0.214427 0.284174 0.151602
0.320319 0.615219 0.985232 0.317154
0.674413 0.138647 0.045788 0.158031
0.763146 0.548979 0.126443 0.997215
0.871416 0.972518 0.195419 0.521494
0.136003 0.596415 0.055566 0.880374
0.947550 0.823978 0.925313 0.479232
0.469428 0.521257 0.944053 0.186707
0.553965 0.712871 0.252929 0.276790
0.731112 0.035745 0.767516 0.001528
0.161402 0.307336 0.036821 0.641987
0.928836 0.491558 0.588820 0.065118
0.128615 0.731115 0.582283 0.971897
0.065112 0.215798 0.478378 0.225560
0.859337 0.490460 0.146038 0.789301
0.022666 0.837549 0.355609 0.091881
0.720465 0.174953 0.998791 0.671116
0.422147 0.159117 0.236459 0.895630
0.046876 0.111778 0.404966 0.598604
0.397687 0.905723 0.123189 0.627212
0.504921 0.355604 0.089560 0.227988
0.696898 0.548721 0.934250 0.627690
0.443045 0.373270 0.216628 0.609805
0.594243 0.455278 0.838883 0.161417
0.564857 0.661325 0.968240 0.731126
0.202484 0.465062 0.904800 0.509381
0.628300 0.470885 0.818366 0.732696
0.244086 0.734627 0.756470 0.010215
0.107274 0.467247 0.227718 0.470642
0.308437 0.787113 0.608300 0.786261
0.185608 0.801702 0.806382 0.450819
0.363464 0.205929 0.450198 0.260542
0.660240 0.329983 0.849302 0.613059
0.915996 0.899804 0.689306 0.613057
0.261876 0.142940 0.360386 0.892595
0.069726 0.794984 0.642466 0.737953
0.620810 0.912430 0.504584 0.734445
0.659018 0.810642 0.663168 0.733599
0.317130 0.072741 0.663163 0.187614
0.624180 0.488570 0.454546 0.009036
0.228844 0.912433 0.259551 0.193058
0.697977 0.834052 0.676227 0.724884
0.937524 0.350330 0.111750 0.606360
0.697976 0.594861 0.631556 0.124286
0.024857 0.061626 0.081459 0.277661
0.720470 0.921372 0.613901 0.599077
0.203563 0.107499 0.351669 0.578131
0.467002 0.275244 0.363403 0.134098
0.732263 0.451051 0.217900 0.572811
0.268267 0.911572 0.737961 0.757793
0.487238 0.829710 0.599088 0.164983
0.163644 0.986357 0.606108 0.417378
0.979122 0.934477 0.547048 0.362315
0.882130 0.033383 0.872787 0.778035
0.642460 0.610886 0.351217 0.608777
0.703938 0.858498 0.422736 0.416040
0.771870 0.809649 0.747742 0.547290
0.559851 0.404061 0.049704 0.883468
0.555015 0.281920 0.702875 0.794740
0.986348 0.267155 0.884767 0.072996
0.656871 0.538331 0.196788 0.692706
0.966056 0.491993 0.281930 0.633983
0.872339 0.978012 0.893498 0.714856
0.735305 0.052926 0.821505 0.589280
0.762925 0.050988 0.462145 0.634619
0.235590 0.756209 0.677798 0.163628
0.085812 0.011582 0.946673 0.037723
0.438295 0.526353 0.872556 0.791254
0.400937 0.450169 0.289433 0.556119
0.845198 0.829966 0.657709 0.250952
0.770787 0.202687 0.164728 0.978252
0.060770 0.679719 0.138471 0.234226
0.360376 0.715937 0.935780 0.767396
0.043182 0.965183 0.686012 0.154941
0.747756 0.373470 0.558314 0.336060
0.438291 0.388707 0.556139 0.935774
0.262947 0.590487 0.096967 0.768480
0.581761 0.109892 0.912680 0.132917
0.440162 0.304671 0.663153 0.610653
0.675366 0.755113 0.967110 0.201353
0.138466 0.129516 0.226621 0.260751
0.326459 0.343832 0.677307 0.222011
0.851887 0.074958 0.280853 0.303585
0.384333 0.318823 0.999454 0.136295
0.038811 0.315799 0.573711 0.328865
0.518965 0.859364 0.307516 0.593999
0.046438 0.169181 0.820645 0.210293
0.700214 0.223355 0.652221 0.324266
0.339331 0.583727 0.677523 0.803082
0.454523 0.398987 0.516762 0.069128
0.203775 0.591144 0.511077 0.722455
0.920062 0.590295 0.167807 0.936872
0.573921 0.266040 0.046260 0.632673
0.399840 0.201529 0.629204 0.442562
0.619470 0.408212 0.151698 0.058487
0.949704 0.819415 0.772911 0.183470
0.409535 0.977143 0.991727 0.395479
0.949944 0.513499 0.652214 0.654645
0.830953 0.137393 0.550604 0.411861
0.701769 0.237720 0.960938 0.141658
0.075808 0.559649 0.431220 0.652463
0.806594 0.171070 0.859382 0.655738
0.451024 0.749502 0.445409 0.349558
0.933121 0.810844 0.609423 0.362521
0.339109 0.986387 0.197201 0.325188
0.441231 0.746472 0.688891 0.477228
0.056061 0.992812 0.606151 0.112808
0.443891 0.964078 0.177610 0.152302
0.281701 0.943135 0.936611 0.932480
0.394361 0.151692 0.339521 0.966256
0.457863 0.028825 0.872384 0.445885
0.851427 0.024468 0.872142 0.828897
0.747565 0.411618 0.987241 0.202621
0.620865 0.282800 0.818785 0.580008
0.701566 0.243177 0.348240 0.468760
0.034043 0.268212 0.630456 0.136079
0.858063 0.627036 0.204816 0.184134
0.167811 0.569227 0.978456 0.024240
0.698215 0.955125 0.655718 0.529828
0.439183 0.185225 0.711380 0.328687
0.203939 0.109873 0.953151 0.516531
0.639246 0.328681 0.882154 0.642650
0.126039 0.702646 0.557019 0.887634
0.990405 0.129788 0.028809 0.566196
0.504551 0.129301 0.749961 0.566194
0.320955 0.799398 0.571547 0.091697
0.559662 0.725547 0.348250 0.556159
0.873477 0.937703 0.267580 0.454359
0.567057 0.877834 0.760965 0.200671
0.430163 0.625092 0.955586 0.058421
0.876949 0.525236 0.317528 0.004848
0.715743 0.592251 0.231167 0.148283
0.425809 0.858059 0.176746 0.678857
0.713323 0.359117 0.446720 0.061837
0.441256 0.759521 0.256451 0.506937
0.609898 0.630698 0.091239 0.106591
0.976031 0.733377 0.487471 0.841400
0.560899 0.627287 0.200454 0.106350
0.255374 0.309910 0.633964 0.025300
0.419378 0.457843 0.746204 0.900668
0.289459 0.108532 0.601917 0.301190
0.501018 0.609657 0.382219 0.347156
0.359148 0.014408 0.321060 0.014890
0.351882 0.337592 0.761429 0.199850
0.896789 0.010296 0.288399 0.152566
0.899813 0.911568 0.557709 0.827344
0.443205 0.484193 0.772554 0.863668
0.759517 0.930047 0.807512 0.908144
0.022044 0.841639 0.824082 0.070782
0.761818 0.758662 0.796773 0.814181
0.756002 0.574812 0.632140 0.807658
0.703516 0.443208 0.041608 0.336023
0.930292 0.080586 0.488970 0.739927
0.020099 0.142517 0.164469 0.537671
0.350566 0.441027 0.954478 0.493902
0.024457 0.944451 0.187567 0.498360
0.488323 0.919034 0.162288 0.022045
0.395678 0.922681 0.279447 0.452167
0.467881 0.952076 0.380288 0.271703
0.143993 0.689719 0.028637 0.331815
0.861158 0.236864 0.447192 0.579034
0.141332 0.497036 0.335247 0.315595
0.505036 0.794952 0.932455 0.910463
0.316954 0.561757 0.874242 0.195244
0.071016 0.538519 0.167702 0.581584
0.075858 0.176500 0.140268 0.094988
0.199799 0.001114 0.878804 0.034254
0.155732 0.502596 0.210464 0.035101
0.179709 0.486545 0.888851 0.585709
0.189987 0.244452 0.472112 0.701573
0.379038 0.302300 0.036003 0.078274
0.710069 0.293989 0.110922 0.350563
0.115398 0.625845 0.454928 0.381129
0.564254 0.852437 0.132878 0.518109
0.303642 0.016888 0.933515 0.406875
0.495267 0.291566 0.897319 0.381123
0.085650 0.048242 0.713357 0.430979
0.405318 0.805331 0.716860 0.670408
0.551183 0.832833 0.883173 0.703547
0.370459 0.769393 0.626721 0.692436
0.315855 0.426003 0.557982 0.623417
0.163384 0.842626 0.059179 0.769151
0.567514 0.361508 0.098985 0.016654
0.613630 0.814274 0.728831 0.895170
0.005736 0.601864 0.241140 0.782359
0.544614 0.488739 0.483237 0.671971
0.244456 0.567766 0.240291 0.899530
0.491912 0.363922 0.028433 0.958835
0.867710 0.510623 0.635606 0.521746
0.712278 0.774988 0.642382 0.694857
0.190962 0.039520 0.378394 0.223765
0.644141 0.608250 0.258813 0.784552
0.576249 0.280437 0.444705 0.383558
0.083024 0.404220 0.232663 0.462569
0.415360 0.784549 0.505234 0.436039
0.017722 0.208115 0.174055 0.737329
0.064988 0.095695 0.804687 0.029731
0.931573 0.955536 0.096998 0.819969
0.426265 0.710093 0.966652 0.257759
0.186454 0.825158 0.279246 0.380288
0.301440 0.013115 0.839029 0.759338
0.950097 0.533953 0.865308 0.325891
0.243350 0.459143 0.632589 0.703536
0.867702 0.133968 0.780375 0.962089
0.000076 0.497219 0.581614 0.255585
0.531526 0.155512 0.357465 0.073209
0.313646 0.007705 0.371992 0.865532
0.086763 0.264039 0.302112 0.311238
0.145946 0.783486 0.933979 0.763868
0.408606 0.563184 0.004698 0.240071
0.047117 0.677037 0.668780 0.621025
0.066932 0.845933 0.326788 0.553129
0.762796 0.886681 0.593852 0.145956
0.394664 0.247936 0.890988 0.968608
0.670874 0.326964 0.716642 0.452747
0.659856 0.677277 0.772770 0.199774
0.813154 0.233787 0.648911 0.018811
0.452332 0.889709 0.738695 0.128382
0.991332 0.905085 0.993517 0.959902
0.210882 0.118350 0.990245 0.806889
0.120676 0.472107 0.071225 0.394656
0.096759 0.991556 0.864208 0.245511
0.345227 0.013375 0.410939 0.406661
0.129016 0.931584 0.677224 0.360439
0.751416 0.392241 0.291140 0.369494
0.267769 0.190959 0.220668 0.405333
0.557990 0.098983 0.004485 0.153571
0.741862 0.657879 0.452792 0.774771
0.355288 0.217276 0.179971 0.825381
0.331079 0.326797 0.532821 0.152238
0.284822 0.060326 0.753814 0.727506
0.284823 0.592756 0.833744 0.691792
0.282645 0.798902 0.746052 0.845928
0.462365 0.496790 0.156647 0.426011
0.361945 0.072789 0.582968 0.542892
0.699029 0.752507 0.131347 0.716413
0.240060 0.657641 0.304993 0.105560
0.494135 0.128164 0.911709 0.385920
0.196079 0.933978 0.657629 0.082354
0.254453 0.037392 0.189521 0.645414
0.820908 0.850063 0.719936 0.644568
0.918321 0.978627 0.591419 0.769353
0.560927 0.167774 0.198483 0.688147
0.929450 0.666119 0.690423 0.133508
0.219233 0.169716 0.835932 0.397904
0.568421 0.496311 0.395713 0.793221
0.466959 0.394646 0.207241 0.155532
0.263153 0.751403 0.106615 0.878878
0.406210 0.980694 0.388196 0.838177
0.681961 0.982630 0.940497 0.190774
0.122878 0.127082 0.917014 0.189546
0.516587 0.162093 0.048006 0.312138
0.889500 0.263150 0.252492 0.437160
0.920677 0.981549 0.460171 0.293536
0.994617 0.301475 0.465861 0.686196
0.105779 0.019938 0.542852 0.920637
0.526395 0.770117 0.293585 0.757191
0.064702 0.609134 0.865113 0.747394
0.878614 0.622315 0.840058 0.132668
0.262058 0.002060 0.010707 0.780389
0.780155 0.381302 0.741658 0.926180
0.170929 0.254676 0.295526 0.334352
0.643481 0.729719 0.531159 0.283745
0.790199 0.477849 0.365038 0.815790
0.292467 0.772778 0.774346 0.593821
0.909407 0.829006 0.714032 0.462359
0.049583 0.665484 0.754727 0.825598
0.107948 0.243779 0.775667 0.145513
0.228166 0.163395 0.206583 0.223937
0.527233 0.723170 0.178219 0.530407
0.670839 0.431887 0.798793 0.703129
0.930450 0.282427 0.402430 0.750786
0.783439 0.486773 0.426401 0.898466
0.656540 0.294882 0.980002 0.244864
0.337885 0.844402 0.563303 0.449390
0.063867 0.940009 0.800048 0.764925
0.800059 0.587175 0.725178 0.715574
0.873177 0.519867 0.877344 0.199573
0.216140 0.209423 0.805979 0.843791
0.399299 0.097614 0.052356 0.516119
0.238170 0.062532 0.239278 0.174052
0.292257 0.526388 0.683797 0.201939
0.078731 0.802238 0.773266 0.280012
0.189357 0.702265 0.400259 0.831577
0.751461 0.963351 0.887157 0.154459
0.307157 0.280258 0.774598 0.667430
0.181876 0.062539 0.537925 0.333048
0.292019 0.887383 0.390000 0.931303
0.369878 0.292255 0.659475 0.191607
0.773005 0.265552 0.145770 0.839299
0.963342 0.007772 0.614327 0.868621
0.831586 0.122416 0.729546 0.115565
0.356573 0.176281 0.833770 0.009952
0.409063 0.624354 0.135975 0.007532
0.845757 0.403757 0.784148 0.459328
0.216131 0.584009 0.022934 0.379680
0.055867 0.481008 0.687909 0.550236
0.564893 0.446259 0.412014 0.216388
0.180532 0.927480 0.378134 0.018431
0.004250 0.964670 0.842258 0.393509
0.906314 0.393742 0.239244 0.507296
0.292249 0.478072 0.281380 0.940462
0.966839 0.864250 0.888211 0.156665
0.959075 0.542042 0.102468 0.129297
0.623278 0.982424 0.680280 0.673511
0.402687 0.938390 0.629833 0.040358
0.509489 0.497841 0.113111 0.765636
0.473616 0.534424 0.601444 0.909826
0.706641 0.447358 0.909849 0.294424
0.451605 0.554850 0.596469 0.077633
0.020756 0.097477 0.078746 0.237096
0.524866 0.074377 0.155596 0.904132
0.523998 0.864042 0.716223 0.877353
0.462711 0.132481 0.519029 0.063485
0.767826 0.238153 0.649424 0.403534
0.415520 0.791937 0.752521 0.368538
0.750593 0.506180 0.507049 0.120495
0.746093 0.992002 0.345699 0.729547
0.320594 0.314904 0.752996 0.798783
0.434042 0.305197 0.918788 0.856637
0.468262 0.456275 0.457182 0.474942
0.182706 0.018655 0.813793 0.106838
0.250280 0.697942 0.410099 0.203060
0.511527 0.227267 0.709725 0.282691
0.801595 0.667065 0.681584 0.469128
0.707525 0.300975 0.239467 0.283548
0.100291 0.595372 0.845782 0.285969
0.741623 0.705340 0.647438 0.098323
0.563100 0.950497 0.242626 0.446021
0.587772 0.298802 0.657482 0.954627
0.198040 0.148819 0.165196 0.719748
0.380420 0.077896 0.563106 0.291189
0.292027 0.438631 0.574253 0.295542
0.553779 0.485405 0.413119 0.574467
0.020732 0.616519 0.938107 0.812002
0.401376 0.406821 0.543578 0.749128
0.335421 0.275700 0.784598 0.888209
0.426650 0.049384 0.028289 0.026029
0.168651 0.531128 0.441841 0.658599
0.355252 0.181607 0.382826 0.423394
0.748023 0.661772 0.219604 0.646150
0.919634 0.066535 0.191463 0.867785
0.542015 0.395917 0.685932 0.222811
0.054965 0.286836 0.392865 0.926166
0.399253 0.415787 0.963533 0.691162
0.061258 0.519237 0.917632 0.273520
0.525918 0.322114 0.722952 0.864037
0.905650 0.771029 0.756937 0.751675
0.824442 0.753204 0.980297 0.083096
0.320177 0.625885 0.523712 0.661765
0.889366 0.182527 0.192308 0.550030
0.905897 0.121366 0.982236 0.198037
0.147517 0.737199 0.981389 0.898495
0.145344 0.119051 0.486926 0.469106
0.981134 0.859715 0.829083 0.835971
0.114422 0.426443 0.459581 0.544679
0.005384 0.225065 0.284203 0.889120
0.591830 0.300317 0.665087 0.184940
0.009985 0.580926 0.811112 0.614509
0.376362 0.461433 0.961343 0.380878
0.517066 0.028046 0.249254 0.135770
0.247097 0.928763 0.764761 0.230887
0.938590 0.949489 0.204144 0.122458
0.751492 0.692473 0.846668 0.813798
0.797405 0.692471 0.869767 0.996861
0.363288 0.154284 0.726293 0.484729
0.021888 0.105951 0.415574 0.859957
0.509447 0.927679 0.376381 0.201093
0.346968 0.842282 0.277929 0.389453
0.451404 0.315808 0.110282 0.985974
0.616943 0.591837 0.376382 0.404892
0.388372 0.739147 0.812675 0.422080
0.983323 0.101589 0.813523 0.614998
0.404662 0.939683 0.722927 0.614755
0.846415 0.796561 0.019549 0.129097
0.811590 0.855105 0.797676 0.136855
0.459346 0.226162 0.282279 0.614751
0.586014 0.993116 0.472303 0.397086
0.078716 0.819085 0.589987 0.762325
0.816802 0.770190 0.248395 0.763417
0.678151 0.980296 0.249000 0.169557
0.368772 0.330153 0.569915 0.984405
0.314703 0.326939 0.157568 0.493200
0.252650 0.568806 0.858873 0.715394
0.815956 0.914128 0.948371 0.794138
0.627842 0.763669 0.205222 0.835759
0.442904 0.679249 0.155061 0.854015
0.797683 0.381703 0.296216 0.836842
0.424287 0.699094 0.493638 0.631088
0.793084 0.342141 0.212180 0.657497
0.249496 0.604760 0.987948 0.705596
0.974404 0.148629 0.235065 0.689060
0.134218 0.719783 0.708439 0.540055
0.355465 0.737178 0.215699 0.111381
0.542223 0.122241 0.811455 0.321003
0.008436 0.837947 0.808287 0.445187
0.137742 0.773226 0.550510 0.754748
0.926363 0.388102 0.758933 0.068903
0.056935 0.387250 0.915666 0.997969
0.549097 0.072166 0.481648 0.207897
0.202192 0.264634 0.104948 0.743861
0.992048 0.869766 0.973538 0.159518
0.453809 0.096372 0.997505 0.295576
0.229414 0.550069 0.893792 0.866015
0.729565 0.552248 0.467595 0.109293
0.195802 0.986848 0.948353 0.893831
0.692449 0.720504 0.306113 0.492137
0.334770 0.312514 0.729384 0.579707
0.114753 0.471451 0.205639 0.814856
0.972210 0.345897 0.293176 0.494551
0.380715 0.811343 0.483601 0.261359
0.571454 0.596033 0.012973 0.964602
0.183530 0.382809 0.960699 0.833596
0.147438 0.846419 0.148755 0.833357
0.273574 0.729564 0.648037 0.568826
0.251781 0.051097 0.688726 0.982498
0.101681 0.752393 0.123243 0.044728
0.866163 0.159421 0.147676 0.228324
0.068524 0.964824 0.018283 0.310604
0.213028 0.778546 0.673005 0.948101
0.171784 0.938781 0.034977 0.569377
0.095903 0.890280 0.099296 0.211094
0.123230 0.430059 0.191137 0.411782
0.936366 0.409460 0.975943 0.122378
0.206988 0.948112 0.553809 0.457783
0.802744 0.600095 0.846330 0.992062
0.435981 0.926786 0.820381 0.963979
0.134130 0.537536 0.345730 0.938301
0.077477 0.089456 0.537519 0.125651
0.442059 0.161757 0.861967 0.387112
0.476053 0.460948 0.934167 0.367976
0.307442 0.812529 0.194883 0.641647
0.628205 0.465161 0.044532 0.799246
0.419262 0.913476 0.217408 0.480559
0.126511 0.065027 0.730579 0.557157
0.364462 0.021443 0.459936 0.800325
0.782807 0.638472 0.432018 0.390993
0.536689 0.351390 0.892440 0.983591
0.688733 0.997758 0.780872 0.076144
0.786160 0.695258 0.598924 0.296445
0.581002 0.804914 0.177080 0.227208
0.730369 0.950669 0.117813 0.354415
0.386273 0.444448 0.869209 0.710986
0.150838 0.812524 0.607948 0.848746
0.025801 0.792861 0.905882 0.625172
0.742343 0.540924 0.996212 0.934192
0.350080 0.718490 0.905884 0.424604
0.601173 0.985556 0.640573 0.491462
0.126757 0.636086 0.963945 0.401512
0.448809 0.818062 0.019358 0.319898
0.140823 0.968179 0.860869 0.369905
0.402611 0.712946 0.687622 0.845007
0.071957 0.272270 0.533395 0.082856
0.685690 0.741240 0.158336 0.780880
0.320867 0.802724 0.698502 0.297323
0.662571 0.110122 0.831098 0.296233
0.442036 0.696571 0.203002 0.247266
0.855291 0.928743 0.318782 0.159445
0.970009 0.510293 0.294290 0.032796
0.617324 0.343560 0.399532 0.436864
0.694397 0.637160 0.957019 0.733855
0.724908 0.754784 0.547783 0.496921
0.664754 0.389997 0.627308 0.602261
0.087061 0.208934 0.275794 0.835204
0.835457 0.937444 0.276402 0.745845
0.041016 0.467323 0.961997 0.523121
0.912164 0.802953 0.987747 0.695005
0.913252 0.110112 0.845265 0.482950
0.697416 0.052145 0.901218 0.893773
0.970238 0.873736 0.068971 0.414844
0.617575 0.928932 0.090651 0.548644
0.677822 0.850614 0.716092 0.988827
0.437939 0.848537 0.808247 0.161736
0.076176 0.820123 0.971313 0.126525
0.491411 0.776563 0.766760 0.540914
0.745661 0.700508 0.602079 0.913256
0.044116 0.867052 0.905824 0.410239
0.871561 0.550559 0.306157 0.024935
0.894442 0.184429 0.513781 0.893345
0.549957 0.311739 0.493605 0.268186
0.821681 0.663640 0.237450 0.412672
0.490331 0.778736 0.948795 0.251749
0.491420 0.126543 0.925650 0.735614
0.900379 0.215406 0.461830 0.784182
0.258129 0.043026 0.162403 0.321542
0.365985 0.697403 0.009581 0.185756
0.799434 0.573442 0.125466 0.778982
0.676719 0.248344 0.885722 0.195551
0.374218 0.474919 0.012780 0.170256
0.354884 0.379930 0.480589 0.146158
0.247467 0.227643 0.172206 0.985571
0.627562 0.951702 0.967055 0.053486
0.308309 0.097283 0.438809 0.924321
0.775250 0.057845 0.744567 0.413776
0.685403 0.396033 0.301932 0.056516
0.724937 0.774391 0.032131 0.333930
0.861531 0.316180 0.855061 0.702917
0.268161 0.785286 0.450713 0.013626
0.576726 0.755698 0.982076 0.731024
0.629742 0.963927 0.736709 0.881373
0.419095 0.994055 0.605578 0.724731
0.742372 0.867044 0.100529 0.122196
0.276671 0.532039 0.713600 0.396269
0.299795 0.552987 0.753025 0.024511
0.201278 0.091972 0.960888 0.023427
0.566910 0.101621 0.627328 0.350264
0.269482 0.263719 0.386434 0.850638
0.012514 0.486086 0.022789 0.251723
0.162624 0.289726 0.482518 0.694122
0.385596 0.996241 0.171320 0.288893
0.640772 0.816088 0.500441 0.851963
0.258357 0.871774 0.056772 0.403739
0.811616 0.631827 0.967040 0.462917
0.984039 0.460973 0.077231 0.186828
0.509023 0.011894 0.895993 0.385587
0.743458 0.688910 0.332621 0.127405
0.616680 0.009130 0.664718 0.686978
0.915878 0.215672 0.268396 0.638464
0.001635 0.879268 0.510493 0.986201
0.111641 0.869491 0.131912 0.447520
0.030170 0.344834 0.987784 0.780835
0.627189 0.592181 0.935221 0.833069
0.629123 0.351381 0.150419 0.405918
0.567598 0.487188 0.397339 0.196867
0.269475 0.435562 0.411128 0.195536
0.820321 0.769817 0.097058 0.472716
0.670809 0.576710 0.517771 0.652516
0.290510 0.687810 0.570520 0.892481
0.451166 0.085077 0.330612 0.892002
0.423925 0.605564 0.315219 0.875902
0.502280 0.661443 0.846397 0.349063
0.196442 0.875909 0.549364 0.777200
0.275120 0.140614 0.330858 0.066100
0.620308 0.841928 0.286251 0.790631
0.289511 0.642946 0.237401 0.446685
0.366808 0.868390 0.409627 0.763041
0.836596 0.194439 0.840608 0.003818
0.627197 0.136127 0.687254 0.284055
0.778394 0.734509 0.074803 0.146166
0.139421 0.117867 0.277541 0.070831
0.330627 0.857050 0.527343 0.638450
0.732158 0.999777 0.196686 0.595461
0.067054 0.139653 0.428388 0.816071
0.564095 0.107142 0.026724 0.288654
0.149453 0.846154 0.301064 0.289746
0.768354 0.861553 0.818232 0.117624
0.172482 0.926715 0.687238 0.733233
0.453103 0.863731 0.279727 0.945233
0.505560 0.439034 0.037618 0.538234
0.959875 0.517777 0.768593 0.903838
0.090282 0.955270 0.806016 0.016923
0.619574 0.092475 0.524063 0.791111
0.871371 0.990717 0.937620 0.129612
0.225876 0.326101 0.072632 0.857059
0.302368 0.080246 0.464232 0.429238
0.202557 0.926940 0.540779 0.257491
0.492967 0.296287 0.687480 0.287334
0.430001 0.795706 0.225675 0.914978
0.921043 0.819567 0.838790 0.631450
0.956585 0.204944 0.699695 0.578494
0.884653 0.187727 0.999312 0.934107
0.713640 0.043066 0.549109 0.710341
0.279737 0.312187 0.569310 0.245275
0.130856 0.579575 0.215876 0.860696
0.480932 0.285169 0.885501 0.266192
0.316535 0.174662 0.555157 0.477543
0.506864 0.877911 0.529988 0.859227
0.464209 0.003831 0.612712 0.316300
0.136176 0.372233 0.599179 0.488463
0.736736 0.902520 0.024524 0.895320
0.331974 0.245243 0.326563 0.149691
0.418123 0.566285 0.328740 0.026734
0.341781 0.488469 0.301045 0.058587
0.792696 0.629146 0.182495 0.915812
0.363542 0.104095 0.777088 0.652129
0.454898 0.439059 0.104085 0.909380
0.723427 0.317618 0.920188 0.224343
0.396203 0.218901 0.646712 0.849209
0.780243 0.422853 0.642357 0.372274
0.708284 0.622997 0.687222 0.943273
0.153725 0.605134 0.256377 0.280969
0.836382 0.570305 0.237629 0.537122
0.185597 0.364883 0.474008 0.239800
0.166830 0.093346 0.634971 0.173781
0.874668 0.276233 0.221052 0.663261
0.187535 0.896881 0.914747 0.805399
0.360223 0.397762 0.342628 0.632563
0.382258 0.578271 0.433979 0.282900
0.629325 0.407231 0.745675 0.771776
0.481849 0.060676 0.678999 0.606211
0.620743 0.956354 0.059857 0.292943
0.930187 0.387736 0.737639 0.742160
0.359004 0.333915 0.858180 0.198834
0.153518 0.364632 0.791552 0.718080
0.489742 0.721243 0.038757 0.850675
0.242189 0.702987 0.549561 0.033485
0.714985 0.257462 0.620990 0.610781
0.469955 0.233273 0.888829 0.151788
0.818434 0.526223 0.482938 0.986010
0.233007 0.375766 0.503571 0.165987
0.070415 0.268585 0.560513 0.186448
0.128579 0.515790 0.420464 0.909578
0.558211 0.758333 0.024345 0.353938
0.536003 0.516649 0.912516 0.727829
0.557362 0.540506 0.691705 0.728918
0.202516 0.148175 0.396899 0.498204
0.026991 0.988689 0.536491 0.811804
0.203843 0.455315 0.261941 0.789487
0.779210 0.374625 0.080445 0.443583
0.737615 0.649172 0.226955 0.190947
0.901632 0.562930 0.568497 0.176638
0.703405 0.550967 0.351983 0.131965
0.340870 0.850449 0.919131 0.798191
0.456626 0.657809 0.816256 0.147082
0.685015 0.961909 0.675473 0.138139
0.524494 0.546285 0.143709 0.353921
0.665880 0.388803 0.408349 0.408345
0.357087 0.735462 0.454002 0.259858
0.224753 0.290547 0.100930 0.759655
0.839684 0.127488 0.791547 0.340621
0.979417 0.580356 0.017822 0.725668
0.902730 0.726990 0.537579 0.806696
0.289352 0.131971 0.257435 0.583620
0.572996 0.298272 0.688527 0.859265
0.760602 0.296095 0.319854 0.627150
0.104281 0.676318 0.335041 0.442024
0.266133 0.912743 0.420451 0.874688
0.946754 0.714778 0.750839 0.722152
0.186418 0.488426 0.859263 0.799270
0.513122 0.466439 0.751926 0.723243
0.013208 0.978576 0.910564 0.025660
0.539979 0.497382 0.897769 0.056124
0.108645 0.791577 0.486008 0.142640
0.768571 0.688521 0.544098 0.164879
0.806676 0.850480 0.849005 0.758555
0.700123 0.195373 0.735672 0.703407
0.375725 0.036323 0.645825 0.313069
0.244358 0.058551 0.451179 0.686103
0.003414 0.559793 0.968778 0.733009
0.484089 0.221244 0.278213 0.678709
0.756196 0.004750 0.561860 0.024326
0.326631 0.035459 0.411517 0.221241
0.185039 0.392294 0.898860 0.268317
0.220128 0.976140 0.462089 0.653684
0.167841 0.423976 0.079013 0.953289
0.653196 0.187747 0.202506 0.779222
0.921664 0.921239 0.430274 0.012597
0.798826 0.900795 0.865720 0.860033
0.715883 0.068357 0.185565 0.903825
0.497320 0.829413 0.549775 0.537313
0.692799 0.238915 0.299136 0.622722
0.967429 0.831971 0.977230 0.791569
0.899897 0.372697 0.291416 0.453131
0.670521 0.161381 0.735200 0.609764
0.573087 0.616044 0.339661 0.644968
0.448391 0.128591 0.445750 0.550990
0.987154 0.769422 0.641217 0.339427
0.873262 0.567871 0.451189 0.314380
0.747001 0.168935 0.151582 0.783712
0.982948 0.339709 0.059893 0.090263
0.461598 0.085546 0.468850 0.872000
0.699189 0.756192 0.527999 0.459282
0.737448 0.121607 0.999138 0.420811
0.735028 0.593923 0.521630 0.667119
0.085536 0.286096 0.840332 0.968758
0.415236 0.532526 0.027664 0.498405
0.963059 0.587240 0.277139 0.748572
0.015698 0.499500 0.861277 0.878953
0.074899 0.310292 0.202938 0.931237
0.509760 0.795320 0.508665 0.487763
0.598398 0.014597 0.058171 0.632268
0.263078 0.804367 0.254381 0.130556
0.575254 0.658651 0.745062 0.460025
0.896379 0.177644 0.315986 0.898548
0.931489 0.004539 0.269628 0.844700
0.092066 0.878710 0.899415 0.265263
0.358466 0.568719 0.247837 0.121853
0.458179 0.092076 0.094012 0.955440
0.813298 0.311141 0.921892 0.142533
0.185257 0.951089 0.567887 0.257878
0.566565 0.909545 0.451570 0.681896
0.534927 0.313309 0.943465 0.459297
0.084233 0.427208 0.774866 0.534940
0.528252 0.040620 0.049678 0.589649
0.794495 0.325769 0.611578 0.340940
0.557854 0.340947 0.305935 0.063764
0.252180 0.785514 0.093393 0.319097
0.472238 0.986076 0.543404 0.933425
0.864558 0.440646 0.161081 0.737898
0.117375 0.488625 0.815473 0.678236
0.425052 0.642083 0.060027 0.006980
0.119316 0.130582 0.648622 0.816324
0.041704 0.164554 0.363832 0.271616
0.350990 0.951053 0.588354 0.175693
0.816793 0.107640 0.295825 0.684913
0.486214 0.945612 0.587263 0.103047
0.001283 0.082058 0.727616 0.556999
0.542300 0.234992 0.932541 0.773788
0.106780 0.796433 0.129592 0.906281
0.290364 0.549180 0.748550 0.082061
0.460488 0.774636 0.395623 0.246726
0.161055 0.703689 0.098871 0.326849
0.462667 0.278255 0.875421 0.712148
0.048575 0.521608 0.994938 0.736334
0.887653 0.988264 0.860190 0.538043
0.531646 0.304831 0.218292 0.189600
0.883057 0.531644 0.394790 0.380382
0.368049 0.759434 0.352935 0.015426
0.506474 0.826063 0.579869 0.088822
0.153447 0.804572 0.739842 0.769060
0.854510 0.726776 0.382325 0.999166
0.473317 0.212743 0.775501 0.551083
0.063306 0.374717 0.325504 0.769068
0.782029 0.059290 0.473799 0.635540
0.371445 0.567415 0.096202 0.635782
0.268503 0.098624 0.096204 0.692762
0.541207 0.686093 0.033087 0.206072
0.593721 0.566585 0.301319 0.526067
0.146942 0.944740 0.048162 0.024136
0.579417 0.592635 0.952363 0.166992
0.232544 0.408977 0.028313 0.303979
0.680775 0.644201 0.592638 0.201862
0.669746 0.080056 0.715202 0.280577
0.437296 0.797933 0.993871 0.693854
0.219577 0.548075 0.146704 0.274900
0.383620 0.366058 0.885044 0.653393
0.856966 0.024193 0.944505 0.892817
0.907551 0.753957 0.597094 0.797935
0.656434 0.823071 0.280580 0.230123
0.780499 0.356254 0.794670 0.669738
0.486871 0.267408 0.143682 0.599273
0.486632 0.508626 0.449283 0.830572
0.357327 0.509955 0.619242 0.316877
0.817623 0.378268 0.926074 0.246706
0.438372 0.484213 0.117158 0.428584
0.199470 0.327999 0.191519 0.691669
0.530536 0.431740 0.462489 0.114389
0.475321 0.590469 0.380126 0.216291
0.197052 0.199474 0.600690 0.642490
0.106759 0.493174 0.979831 0.568778
0.625926 0.452212 0.921851 0.980324
0.040421 0.964343 0.453795 0.741966
0.128297 0.917112 0.856704 0.929574
0.634871 0.040420 0.908658 0.017429
0.742801 0.527133 0.073767 0.317947
0.312006 0.506219 0.154797 0.736154
0.922732 0.157820 0.851026 0.315772
0.255649 0.499708 0.357336 0.895085
0.405006 0.688493 0.355158 0.735060
0.690313 0.167868 0.543840 0.703216
0.207134 0.190644 0.216082 0.506692
0.771331 0.362947 0.292350 0.404383
0.966999 0.155200 0.121425 0.380578
0.499712 0.578107 0.624851 0.189416
0.829369 0.094239 0.382752 0.201825
0.625938 0.180608 0.924910 0.981669
0.634420 0.197278 0.747026 0.780043
0.079098 0.152167 0.230350 0.053930
0.910993 0.769252 0.041985 0.475553
0.813000 0.554145 0.553058 0.890619
0.084663 0.962157 0.144791 0.103488
0.176351 0.246926 0.898105 0.174156
0.594802 0.918475 0.291491 0.949170
0.495368 0.508608 0.294764 0.911843
0.793587 0.296942 0.982523 0.093384
0.081154 0.301126 0.976304 0.844505
0.942548 0.270339 0.539334 0.206047
0.666224 0.907589 0.952591 0.589472
0.981683 0.984947 0.816755 0.321190
0.612402 0.013057 0.687139 0.262170
0.490915 0.015236 0.750663 0.443965
0.598177 0.529532 0.453525 0.418325
0.281227 0.994502 0.178528 0.189645
0.502955 0.899424 0.608393 0.908674
0.974358 0.895067 0.017654 0.944730
0.003295 0.158935 0.460293 0.641188
0.575655 0.098460 0.785115 0.647967
0.980355 0.669381 0.843201 0.322286
0.199044 0.131253 0.662749 0.920789
0.899493 0.005475 0.492025 0.620267
0.704119 0.646027 0.644088 0.940128
0.773129 0.968908 0.661659 0.556335
0.428703 0.588729 0.254774 0.199204
0.018312 0.249193 0.833889 0.707836
0.720842 0.552782 0.064445 0.728756
0.547617 0.319267 0.948060 0.831212
0.423490 0.098450 0.075335 0.942791
0.982308 0.511440 0.728566 0.393653
0.240383 0.825201 0.207555 0.934935
0.293697 0.219528 0.790934 0.751102
0.504909 0.737041 0.221624 0.491174
0.563440 0.291279 0.564530 0.343374
0.077513 0.027270 0.545671 0.102126
0.292120 0.775799 0.336602 0.472892
0.564531 0.493371 0.669399 0.591909
0.121457 0.961038 0.864137 0.965882
0.662515 0.962127 0.382501 0.693487
0.753510 0.929771 0.936093 0.497717
0.372918 0.206216 0.433282 0.263244
0.776895 0.627521 0.451964 0.075350
0.343144 0.296754 0.154358 0.763336
0.587628 0.522788 0.179676 0.541074
0.966723 0.027489 0.627508 0.294303
0.388298 0.460414 0.973009 0.949166
0.798661 0.437436 0.803425 0.731743
0.561256 0.985823 0.796481 0.322661
0.727243 0.348600 0.189232 0.078609
0.411029 0.321562 0.875058 0.685614
0.703494 0.313932 0.264328 0.798658
0.703493 0.693473 0.112159 0.125810
0.974575 0.714179 0.784048 0.396903
0.813691 0.348843 0.602426 0.491195
0.524968 0.905355 0.541066 0.992109
0.435257 0.942738 0.457005 0.252110
0.031749 0.404515 0.182821 0.423489
0.628859 0.858964 0.063382 0.652926
0.070909 0.165496 0.102105 0.156776
0.735074 0.027238 0.876350 0.701078
0.510321 0.227386 0.167674 0.068816
0.255840 0.481341 0.482435 0.544337
0.367366 0.379799 0.710803 0.422150
0.941414 0.435485 0.674946 0.378257
0.535864 0.115652 0.547836 0.931848
0.899473 0.310415 0.637578 0.293489
0.404510 0.758188 0.502705 0.599601
0.533681 0.337715 0.845899 0.435257
0.040454 0.774492 0.886162 0.479039
0.636249 0.485527 0.740419 0.773395
0.668034 0.529172 0.307026 0.552555
0.523881 0.638651 0.649548 0.253420
0.728303 0.637320 0.010810 0.057937
0.878777 0.324815 0.180637 0.828075
0.926048 0.322878 0.938490 0.067977
0.416742 0.372939 0.087580 0.800142
0.486613 0.040445 0.062057 0.169610
0.113231 0.787790 0.682573 0.521447
0.975412 0.916485 0.753967 0.168529
0.092926 0.244959 0.209749 0.844324
0.664914 0.939103 0.157644 0.586564
0.735083 0.243626 0.234916 0.716104
0.251475 0.597202 0.211819 0.669138
0.561043 0.694305 0.133216 0.815627
0.145423 0.500773 0.877211 0.101252
0.495564 0.473719 0.606844 0.063146
0.231640 0.480241 0.292177 0.659572
0.389122 0.417846 0.113224 0.099311
0.522304 0.847605 0.460238 0.747058
0.708752 0.970198 0.459008 0.890474
0.966929 0.928411 0.112370 0.846510
0.051579 0.678295 0.815851 0.890478
0.193530 0.754656 0.709845 0.975645
0.220729 0.660762 0.274981 0.030233
0.942721 0.927329 0.213197 0.495977
0.751379 0.586592 0.505193 0.104990
0.671411 0.531244 0.971282 0.623348
0.787985 0.855233 0.100391 0.660522
0.545632 0.983431 0.998912 0.963660
0.134571 0.345507 0.650952 0.671895
0.333775 0.744854 0.482012 0.376484
0.591710 0.094296 0.501830 0.905307
0.556705 0.955801 0.542364 0.252549
0.578714 0.950355 0.254968 0.565660
0.436351 0.111274 0.900094 0.158520
0.029251 0.591955 0.823224 0.825403
0.286976 0.082069 0.020677 0.232957
0.329092 0.228460 0.039286 0.232714
0.369948 0.146780 0.799950 0.085575
0.227377 0.877033 0.836722 0.992393
0.924281 0.125621 0.314841 0.533412
0.898199 0.061390 0.585248 0.391897
0.688091 0.266947 0.376238 0.835633
0.729221 0.064411 0.095376 0.226043
0.265854 0.203143 0.398020 0.802773
0.759087 0.802536 0.902047 0.075305
0.825875 0.521411 0.926495 0.179479
0.190001 0.110177 0.765969 0.261013
0.406973 0.890456 0.299828 0.975626
0.732841 0.563497 0.510757 0.931840
0.867470 0.814742 0.064421 0.464812
0.364049 0.957198 0.648419 0.719429
0.993495 0.669328 0.773108 0.220944
0.178120 0.531458 0.551032 0.236054
0.738146 0.044611 0.857672 0.957198
0.878571 0.449666 0.907505 0.273678
0.387371 0.899275 0.950576 0.392711
0.506021 0.227341 0.010858 0.390775
0.771170 0.042434 0.501817 0.800342
0.097587 0.694756 0.679377 0.670783
0.658435 0.634269 0.029479 0.575241
0.919722 0.868798 0.076889 0.285418
0.204025 0.096493 0.909920 0.764642
0.170635 0.463710 0.493106 0.971011
0.353388 0.004193 0.679372 0.157450
0.413034 0.847870 0.321112 0.078821
0.605969 0.589630 0.813645 0.740216
0.310456 0.177281 0.531687 0.076888
0.765738 0.775545 0.296309 0.274772
0.993025 0.859605 0.044601 0.028141
0.774452 0.065521 0.941863 0.716386
0.793195 0.732605 0.795377 0.881983
0.325702 0.471334 0.912084 0.370958
0.480286 0.881505 0.285421 0.680350
0.099753 0.067700 0.314820 0.808059
0.789933 0.575230 0.262561 0.189497
0.188164 0.331142 0.059099 0.819185
